#                                                                                   --- full sequence --- -------------- this domain -------------   hmm coord   ali coord   env coord
# target name               accession   tlen query name           accession   qlen   E-value  score  bias   #  of  c-Evalue  i-Evalue  score  bias  from    to  from    to  from    to  acc description of target
#       ------------------- ---------- ----- -------------------- ---------- ----- --------- ------ ----- --- --- --------- --------- ------ ----- ----- ----- ----- ----- ----- ----- ---- ---------------------
h2tg000392l:55533-54841     -            231 140346at71240        -            187   3.9e-94  313.2   0.1   1   1   6.2e-97   9.4e-94  312.0   0.1     1   187     1   224     1   224 0.93 -
h2tg001120l:148912-150826   -            308 140346at71240        -            187   4.5e-29  101.1   0.1   1   2   1.8e-18   2.8e-15   56.2   0.0     9    98    10   110     3   118 0.77 -
h2tg001120l:148912-150826   -            308 140346at71240        -            187   4.5e-29  101.1   0.1   2   2   1.9e-14   2.8e-11   43.1   0.0   102   185   132   221   120   223 0.88 -
h2tg000130l:1632831-1632385 -            149 140346at71240        -            187   1.4e-09   37.5   0.2   1   1   3.4e-12   5.2e-09   35.7   0.2    54   137    48   146    38   148 0.76 -
h2tg000205l:1225269-1214857 -            326 140346at71240        -            187   2.5e-06   27.0   0.4   1   2   1.5e-06    0.0023   17.3   0.1    24    93    93   166    78   183 0.76 -
h2tg000205l:1225269-1214857 -            326 140346at71240        -            187   2.5e-06   27.0   0.4   2   2    0.0013         2    7.7   0.0   113   147   216   252   205   268 0.83 -
h2tg001094l:199825-210227   -            326 140346at71240        -            187   2.5e-06   27.0   0.4   1   2   1.5e-06    0.0023   17.3   0.1    24    93    93   166    78   183 0.76 -
h2tg001094l:199825-210227   -            326 140346at71240        -            187   2.5e-06   27.0   0.4   2   2    0.0013         2    7.7   0.0   113   147   216   252   205   268 0.83 -
h2tg000784l:47882-48442     -            187 140346at71240        -            187     4e-05   23.0   0.2   1   1   8.7e-08   0.00013   21.4   0.2    49   139    23   131     1   141 0.68 -
h2tg000140l:1881493-1884466 -            232 140346at71240        -            187   0.00014   21.3   0.0   1   1   1.2e-07   0.00019   20.8   0.0     8   125    37   164    30   194 0.67 -
h2tg000073l:169461-166333   -            246 140346at71240        -            187   0.00083   18.7   0.0   1   1   7.7e-07    0.0012   18.3   0.0    50   136    79   173    48   177 0.73 -
h2tg000147l:917132-921563   -            214 140346at71240        -            187    0.0037   16.6   0.0   1   1   3.7e-06    0.0056   16.0   0.0    24   137    31   150    15   175 0.63 -
#
# Program:         hmmsearch
# Version:         3.3.2 (Nov 2020)
# Pipeline mode:   SEARCH
# Query file:      /scratch/srb67793/Pelargonium/busco_downloads/lineages/eudicots_odb10/hmms/140346at71240.hmm
# Target file:     /scratch/srb67793/Pelargonium/P_citronellum_omnic-hap2-busco/run_eudicots_odb10/metaeuk_output/initial_results/P_citronellum_OmniC.hic.bp.hap1.p_ctg.fa.modified.fas
# Option settings: hmmsearch --domtblout /scratch/srb67793/Pelargonium/P_citronellum_omnic-hap2-busco/run_eudicots_odb10/hmmer_output/initial_run_results/140346at71240.out --cpu 1 /scratch/srb67793/Pelargonium/busco_downloads/lineages/eudicots_odb10/hmms/140346at71240.hmm /scratch/srb67793/Pelargonium/P_citronellum_omnic-hap2-busco/run_eudicots_odb10/metaeuk_output/initial_results/P_citronellum_OmniC.hic.bp.hap1.p_ctg.fa.modified.fas 
# Current dir:     /scratch/srb67793/Pelargonium
# Date:            Tue Jul 16 10:30:17 2024
# [ok]
