#                                                                                   --- full sequence --- -------------- this domain -------------   hmm coord   ali coord   env coord
# target name               accession   tlen query name           accession   qlen   E-value  score  bias   #  of  c-Evalue  i-Evalue  score  bias  from    to  from    to  from    to  acc description of target
#       ------------------- ---------- ----- -------------------- ---------- ----- --------- ------ ----- --- --- --------- --------- ------ ----- ----- ----- ----- ----- ----- ----- ---- ---------------------
h2tg000429l:139264-138406   -            136 163503at71240        -             66   4.6e-39  132.2   4.7   1   1   2.3e-42   6.2e-39  131.7   4.7     1    66    67   136    67   136 0.97 -
h2tg000244l:487416-493191   -            718 163503at71240        -             66      0.06   13.2   1.3   1   2   0.00018       0.5   10.3   0.5    27    54    57    85    51    89 0.88 -
h2tg000244l:487416-493191   -            718 163503at71240        -             66      0.06   13.2   1.3   2   2      0.25   6.8e+02    0.2   0.0     6    30   524   548   521   567 0.83 -
h2tg000668l:49933-45922     -            374 163503at71240        -             66      0.16   11.9   3.0   1   2   5.5e-05      0.15   12.0   0.5    22    47   124   151   120   156 0.80 -
h2tg000668l:49933-45922     -            374 163503at71240        -             66      0.16   11.9   3.0   2   2      0.62   1.7e+03   -1.0   0.1    33    44   160   171   152   177 0.81 -
h2tg000291l:456163-442688   -            381 163503at71240        -             66      0.17   11.7  10.7   1   2    0.0002      0.54   10.2   3.0    21    52    88   119    74   127 0.80 -
h2tg000291l:456163-442688   -            381 163503at71240        -             66      0.17   11.7  10.7   2   2     0.017        46    4.0   0.9    32    52   168   185   164   191 0.77 -
h2tg000024l:687015-688995   -            175 163503at71240        -             66       4.5    7.2  15.0   1   3      0.05   1.4e+02    2.5   0.0    31    47    53    69    46    75 0.82 -
h2tg000024l:687015-688995   -            175 163503at71240        -             66       4.5    7.2  15.0   2   3   0.00042       1.2    9.1   3.0    34    62    91   116    85   120 0.85 -
h2tg000024l:687015-688995   -            175 163503at71240        -             66       4.5    7.2  15.0   3   3      0.11   3.1e+02    1.4   2.1    30    51   124   142   117   152 0.63 -
#
# Program:         hmmsearch
# Version:         3.3.2 (Nov 2020)
# Pipeline mode:   SEARCH
# Query file:      /scratch/srb67793/Pelargonium/busco_downloads/lineages/eudicots_odb10/hmms/163503at71240.hmm
# Target file:     /scratch/srb67793/Pelargonium/P_citronellum_omnic-hap2-busco/run_eudicots_odb10/metaeuk_output/initial_results/P_citronellum_OmniC.hic.bp.hap1.p_ctg.fa.modified.fas
# Option settings: hmmsearch --domtblout /scratch/srb67793/Pelargonium/P_citronellum_omnic-hap2-busco/run_eudicots_odb10/hmmer_output/initial_run_results/163503at71240.out --cpu 1 /scratch/srb67793/Pelargonium/busco_downloads/lineages/eudicots_odb10/hmms/163503at71240.hmm /scratch/srb67793/Pelargonium/P_citronellum_omnic-hap2-busco/run_eudicots_odb10/metaeuk_output/initial_results/P_citronellum_OmniC.hic.bp.hap1.p_ctg.fa.modified.fas 
# Current dir:     /scratch/srb67793/Pelargonium
# Date:            Tue Jul 16 10:30:24 2024
# [ok]
