#                                                                                   --- full sequence --- -------------- this domain -------------   hmm coord   ali coord   env coord
# target name               accession   tlen query name           accession   qlen   E-value  score  bias   #  of  c-Evalue  i-Evalue  score  bias  from    to  from    to  from    to  acc description of target
#       ------------------- ---------- ----- -------------------- ---------- ----- --------- ------ ----- --- --- --------- --------- ------ ----- ----- ----- ----- ----- ----- ----- ---- ---------------------
h2tg000318l:82919-72485     -            567 41496at71240         -            504    1e-292  970.7  18.9   1   1  6.5e-296  1.8e-292  970.0  18.9     1   504     8   559     8   559 0.93 -
h2tg000362l:1324700-1335165 -            567 41496at71240         -            504    1e-292  970.7  18.9   1   1  6.5e-296  1.8e-292  970.0  18.9     1   504     8   559     8   559 0.93 -
h2tg000354l:78365-76683     -            561 41496at71240         -            504     1e-12   47.0   0.1   1   2   7.5e-13     2e-09   36.1   0.0    15   354     1   398     1   412 0.73 -
h2tg000354l:78365-76683     -            561 41496at71240         -            504     1e-12   47.0   0.1   2   2     0.024        65    1.5   0.1   447   472   511   536   506   556 0.80 -
h2tg000485l:49662-58137     -            594 41496at71240         -            504   6.6e-07   27.9   4.4   1   3    0.0022       5.9    4.9   0.1     6    95    27   120    19   178 0.72 -
h2tg000485l:49662-58137     -            594 41496at71240         -            504   6.6e-07   27.9   4.4   2   3   2.9e-09   7.8e-06   24.3   0.4   169   295   218   355   186   376 0.76 -
h2tg000485l:49662-58137     -            594 41496at71240         -            504   6.6e-07   27.9   4.4   3   3      0.93   2.5e+03   -3.7   0.0   452   474   537   559   534   575 0.74 -
h2tg000055l:272265-264580   -            595 41496at71240         -            504   0.00018   19.8   0.5   1   3       0.2   5.4e+02   -1.5   0.1    21    63    74   114    23   150 0.60 -
h2tg000055l:272265-264580   -            595 41496at71240         -            504   0.00018   19.8   0.5   2   3   6.7e-08   0.00018   19.8   0.5   180   343   228   398   219   409 0.69 -
h2tg000055l:272265-264580   -            595 41496at71240         -            504   0.00018   19.8   0.5   3   3      0.45   1.2e+03   -2.7   0.0   450   474   536   560   533   578 0.72 -
#
# Program:         hmmsearch
# Version:         3.3.2 (Nov 2020)
# Pipeline mode:   SEARCH
# Query file:      /scratch/srb67793/Pelargonium/busco_downloads/lineages/eudicots_odb10/hmms/41496at71240.hmm
# Target file:     /scratch/srb67793/Pelargonium/P_citronellum_omnic-hap2-busco/run_eudicots_odb10/metaeuk_output/initial_results/P_citronellum_OmniC.hic.bp.hap1.p_ctg.fa.modified.fas
# Option settings: hmmsearch --domtblout /scratch/srb67793/Pelargonium/P_citronellum_omnic-hap2-busco/run_eudicots_odb10/hmmer_output/initial_run_results/41496at71240.out --cpu 1 /scratch/srb67793/Pelargonium/busco_downloads/lineages/eudicots_odb10/hmms/41496at71240.hmm /scratch/srb67793/Pelargonium/P_citronellum_omnic-hap2-busco/run_eudicots_odb10/metaeuk_output/initial_results/P_citronellum_OmniC.hic.bp.hap1.p_ctg.fa.modified.fas 
# Current dir:     /scratch/srb67793/Pelargonium
# Date:            Tue Jul 16 10:30:53 2024
# [ok]
