#                                                                                   --- full sequence --- -------------- this domain -------------   hmm coord   ali coord   env coord
# target name               accession   tlen query name           accession   qlen   E-value  score  bias   #  of  c-Evalue  i-Evalue  score  bias  from    to  from    to  from    to  acc description of target
#       ------------------- ---------- ----- -------------------- ---------- ----- --------- ------ ----- --- --- --------- --------- ------ ----- ----- ----- ----- ----- ----- ----- ---- ---------------------
h2tg000374l:1066485-1059833 -            538 68407at71240         -            314  7.3e-119  396.1  34.6   1   2   4.5e-55   1.2e-51  175.2   9.2     1   168   194   383   194   395 0.89 -
h2tg000374l:1066485-1059833 -            538 68407at71240         -            314  7.3e-119  396.1  34.6   2   2     8e-67   2.2e-63  213.9  17.4   166   314   404   538   398   538 0.89 -
h2tg000095l:481828-488458   -            538 68407at71240         -            314  8.7e-119  395.9  34.4   1   2   5.4e-55   1.5e-51  175.0   9.0     1   168   194   383   194   395 0.89 -
h2tg000095l:481828-488458   -            538 68407at71240         -            314  8.7e-119  395.9  34.4   2   2     8e-67   2.2e-63  213.9  17.4   166   314   404   538   398   538 0.89 -
h2tg000425l:28332-16451     -            891 68407at71240         -            314   1.5e-08   33.7   0.9   1   3   5.7e-12   1.5e-08   33.7   0.9   111   167   286   350   274   354 0.75 -
h2tg000425l:28332-16451     -            891 68407at71240         -            314   1.5e-08   33.7   0.9   2   3       1.9   5.3e+03   -4.2   0.6   198   234   540   576   539   578 0.79 -
h2tg000425l:28332-16451     -            891 68407at71240         -            314   1.5e-08   33.7   0.9   3   3       2.8   7.7e+03   -4.8   2.7   200   234   686   720   675   723 0.57 -
h2tg000033l:209529-201914   -            962 68407at71240         -            314   0.00084   18.1   3.6   1   3       0.9   2.5e+03   -3.1   0.0   253   270   141   158   139   160 0.87 -
h2tg000033l:209529-201914   -            962 68407at71240         -            314   0.00084   18.1   3.6   2   3   2.2e-05     0.059   12.0   0.2   138   172   184   218   169   226 0.87 -
h2tg000033l:209529-201914   -            962 68407at71240         -            314   0.00084   18.1   3.6   3   3    0.0012       3.3    6.3   0.2   103   136   928   961   923   962 0.79 -
h2tg000437l:182927-191009   -            618 68407at71240         -            314     0.024   13.3   0.5   1   1   1.5e-05     0.042   12.5   0.5   137   169   258   290   226   295 0.75 -
#
# Program:         hmmsearch
# Version:         3.3.2 (Nov 2020)
# Pipeline mode:   SEARCH
# Query file:      /scratch/srb67793/Pelargonium/busco_downloads/lineages/eudicots_odb10/hmms/68407at71240.hmm
# Target file:     /scratch/srb67793/Pelargonium/P_citronellum_omnic-hap2-busco/run_eudicots_odb10/metaeuk_output/initial_results/P_citronellum_OmniC.hic.bp.hap1.p_ctg.fa.modified.fas
# Option settings: hmmsearch --domtblout /scratch/srb67793/Pelargonium/P_citronellum_omnic-hap2-busco/run_eudicots_odb10/hmmer_output/initial_run_results/68407at71240.out --cpu 1 /scratch/srb67793/Pelargonium/busco_downloads/lineages/eudicots_odb10/hmms/68407at71240.hmm /scratch/srb67793/Pelargonium/P_citronellum_omnic-hap2-busco/run_eudicots_odb10/metaeuk_output/initial_results/P_citronellum_OmniC.hic.bp.hap1.p_ctg.fa.modified.fas 
# Current dir:     /scratch/srb67793/Pelargonium
# Date:            Tue Jul 16 10:31:08 2024
# [ok]
