#                                                                                 --- full sequence --- -------------- this domain -------------   hmm coord   ali coord   env coord
# target name             accession   tlen query name           accession   qlen   E-value  score  bias   #  of  c-Evalue  i-Evalue  score  bias  from    to  from    to  from    to  acc description of target
#     ------------------- ---------- ----- -------------------- ---------- ----- --------- ------ ----- --- --- --------- --------- ------ ----- ----- ----- ----- ----- ----- ----- ---- ---------------------
h2tg001128l:127554-130716 -            412 80865at71240         -            324    2e-149  496.7   9.9   1   1  1.7e-152  7.9e-149  494.7   9.9     1   324    50   412    50   412 0.90 -
h2tg000681l:155764-157785 -            674 80865at71240         -            324   0.00069   18.4   2.1   1   8    0.0032        14    4.2   0.1   118   229    37   147    11   159 0.70 -
h2tg000681l:155764-157785 -            674 80865at71240         -            324   0.00069   18.4   2.1   2   8    0.0068        31    3.1   0.0   167   230   222   287   213   295 0.89 -
h2tg000681l:155764-157785 -            674 80865at71240         -            324   0.00069   18.4   2.1   3   8      0.53   2.4e+03   -3.1   0.0    52    74   306   328   296   356 0.66 -
h2tg000681l:155764-157785 -            674 80865at71240         -            324   0.00069   18.4   2.1   4   8      0.37   1.7e+03   -2.6   0.0   168   200   327   359   309   382 0.78 -
h2tg000681l:155764-157785 -            674 80865at71240         -            324   0.00069   18.4   2.1   5   8      0.88     4e+03   -3.8   0.0   171   200   365   394   357   395 0.78 -
h2tg000681l:155764-157785 -            674 80865at71240         -            324   0.00069   18.4   2.1   6   8    0.0077        35    2.9   0.0   167   229   466   530   437   536 0.81 -
h2tg000681l:155764-157785 -            674 80865at71240         -            324   0.00069   18.4   2.1   7   8     0.026   1.2e+02    1.2   0.0   171   200   540   569   527   573 0.87 -
h2tg000681l:155764-157785 -            674 80865at71240         -            324   0.00069   18.4   2.1   8   8     0.072   3.3e+02   -0.3   0.0   168   200   572   604   565   633 0.86 -
h2tg000158l:499735-499172 -            188 80865at71240         -            324     0.035   12.8   0.0   1   2     3e-05      0.13   10.9   0.0   166   240    27   106    18   144 0.78 -
h2tg000158l:499735-499172 -            188 80865at71240         -            324     0.035   12.8   0.0   2   2     0.054   2.5e+02    0.2   0.0   190   229   139   179   122   184 0.67 -
#
# Program:         hmmsearch
# Version:         3.3.2 (Nov 2020)
# Pipeline mode:   SEARCH
# Query file:      /scratch/srb67793/Pelargonium/busco_downloads/lineages/eudicots_odb10/hmms/80865at71240.hmm
# Target file:     /scratch/srb67793/Pelargonium/P_citronellum_omnic-hap2-busco/run_eudicots_odb10/metaeuk_output/initial_results/P_citronellum_OmniC.hic.bp.hap1.p_ctg.fa.modified.fas
# Option settings: hmmsearch --domtblout /scratch/srb67793/Pelargonium/P_citronellum_omnic-hap2-busco/run_eudicots_odb10/hmmer_output/initial_run_results/80865at71240.out --cpu 1 /scratch/srb67793/Pelargonium/busco_downloads/lineages/eudicots_odb10/hmms/80865at71240.hmm /scratch/srb67793/Pelargonium/P_citronellum_omnic-hap2-busco/run_eudicots_odb10/metaeuk_output/initial_results/P_citronellum_OmniC.hic.bp.hap1.p_ctg.fa.modified.fas 
# Current dir:     /scratch/srb67793/Pelargonium
# Date:            Tue Jul 16 10:31:17 2024
# [ok]
