#                                                                                   --- full sequence --- -------------- this domain -------------   hmm coord   ali coord   env coord
# target name               accession   tlen query name           accession   qlen   E-value  score  bias   #  of  c-Evalue  i-Evalue  score  bias  from    to  from    to  from    to  acc description of target
#       ------------------- ---------- ----- -------------------- ---------- ----- --------- ------ ----- --- --- --------- --------- ------ ----- ----- ----- ----- ----- ----- ----- ---- ---------------------
h2tg001085l:173110-168694   -            338 95226at71240         -            289  7.4e-169  560.0   0.0   1   1    7e-172  8.7e-169  559.8   0.0     5   287    49   338    45   338 0.96 -
h2tg000288l:206201-220623   -           1587 95226at71240         -            289   1.2e-05   24.5   0.2   1   2       1.9   2.3e+03   -2.8   0.0    47    73   272   298   269   342 0.72 -
h2tg000288l:206201-220623   -           1587 95226at71240         -            289   1.2e-05   24.5   0.2   2   2   3.1e-08   3.9e-05   22.8   0.1    28   132  1317  1427  1302  1435 0.73 -
h2tg000438l:151568-150642   -            309 95226at71240         -            289   0.00011   21.2   0.0   1   1   1.4e-07   0.00017   20.7   0.0    48   136    69   161    49   177 0.80 -
h2tg000534l:52910-50753     -            231 95226at71240         -            289     0.001   18.1   0.0   1   1   1.3e-06    0.0016   17.4   0.0    33   132    20   120    11   129 0.77 -
h2tg001384l:20474-19572     -            301 95226at71240         -            289     0.025   13.6   0.0   1   1   2.8e-05     0.034   13.1   0.0    34   131    46   148    40   156 0.79 -
h2tg001523l:427-5877        -            234 95226at71240         -            289     0.032   13.2   0.0   1   1   3.4e-05     0.041   12.8   0.0    60   133    42   118    31   162 0.85 -
h2tg000362l:745767-741956   -            357 95226at71240         -            289     0.048   12.6   0.0   1   2   9.5e-05      0.12   11.3   0.0    59   120   131   193   108   210 0.84 -
h2tg000362l:745767-741956   -            357 95226at71240         -            289     0.048   12.6   0.0   2   2       1.3   1.6e+03   -2.2   0.0   215   251   284   324   278   354 0.59 -
h2tg000095l:1223556-1221927 -            306 95226at71240         -            289      0.07   12.1   0.0   1   1   9.5e-05      0.12   11.3   0.0    34   117    48   137    41   154 0.64 -
h2tg000374l:354734-356983   -            314 95226at71240         -            289     0.073   12.0   0.0   1   1    0.0001      0.12   11.3   0.0    34   117    56   145    49   162 0.64 -
h2tg000707l:27822-27367     -            152 95226at71240         -            289     0.099   11.6   0.0   1   1    0.0001      0.13   11.2   0.0    74   119    54    99    44   119 0.79 -
h2tg000003l:312360-311872   -            163 95226at71240         -            289      0.14   11.0   0.0   1   1   0.00015      0.19   10.7   0.0    81   119    65   102    47   109 0.79 -
#
# Program:         hmmsearch
# Version:         3.3.2 (Nov 2020)
# Pipeline mode:   SEARCH
# Query file:      /scratch/srb67793/Pelargonium/busco_downloads/lineages/eudicots_odb10/hmms/95226at71240.hmm
# Target file:     /scratch/srb67793/Pelargonium/P_citronellum_omnic-hap2-busco/run_eudicots_odb10/metaeuk_output/initial_results/P_citronellum_OmniC.hic.bp.hap1.p_ctg.fa.modified.fas
# Option settings: hmmsearch --domtblout /scratch/srb67793/Pelargonium/P_citronellum_omnic-hap2-busco/run_eudicots_odb10/hmmer_output/initial_run_results/95226at71240.out --cpu 1 /scratch/srb67793/Pelargonium/busco_downloads/lineages/eudicots_odb10/hmms/95226at71240.hmm /scratch/srb67793/Pelargonium/P_citronellum_omnic-hap2-busco/run_eudicots_odb10/metaeuk_output/initial_results/P_citronellum_OmniC.hic.bp.hap1.p_ctg.fa.modified.fas 
# Current dir:     /scratch/srb67793/Pelargonium
# Date:            Tue Jul 16 10:31:23 2024
# [ok]
