#                                                                                    --- full sequence --- -------------- this domain -------------   hmm coord   ali coord   env coord
# target name                accession   tlen query name           accession   qlen   E-value  score  bias   #  of  c-Evalue  i-Evalue  score  bias  from    to  from    to  from    to  acc description of target
#        ------------------- ---------- ----- -------------------- ---------- ----- --------- ------ ----- --- --- --------- --------- ------ ----- ----- ----- ----- ----- ----- ----- ---- ---------------------
scaffold_8:24756966-24759577 -            147 169920at71240        -            111   4.5e-67  221.9   1.3   1   1   5.6e-70   5.4e-67  221.6   1.3     1   111    25   136    25   136 0.98 -
scaffold_3:33262545-33264229 -            140 169920at71240        -            111   4.6e-64  212.2   1.3   1   1   5.7e-67   5.6e-64  211.9   1.3     1   111    19   129    19   129 0.98 -
scaffold_5:7455349-7454594   -             72 169920at71240        -            111   1.4e-09   36.7   0.1   1   2   1.8e-06    0.0018   17.1   0.1    21    48     8    35     1    38 0.84 -
scaffold_5:7455349-7454594   -             72 169920at71240        -            111   1.4e-09   36.7   0.1   2   2   5.7e-07   0.00056   18.7   0.0    72   105    38    71    32    72 0.93 -
scaffold_5:11231660-11231929 -             90 169920at71240        -            111   2.3e-08   32.9   0.0   1   1   2.5e-11   2.4e-08   32.8   0.0     3    93     2    89     1    90 0.81 -
scaffold_8:24991605-24991333 -             91 169920at71240        -            111   2.6e-08   32.7   0.0   1   1   2.9e-11   2.8e-08   32.6   0.0     3    94     2    91     1    91 0.88 -
scaffold_6:28925191-28924712 -            160 169920at71240        -            111   5.1e-06   25.3   0.0   1   1     7e-09   6.8e-06   24.9   0.0     3    89    59   144    57   158 0.84 -
scaffold_5:1297775-1298026   -             84 169920at71240        -            111   1.9e-05   23.5   0.0   1   1   2.1e-08   2.1e-05   23.3   0.0    23    89     3    68     1    82 0.85 -
scaffold_11:3845913-3845650  -             88 169920at71240        -            111   4.2e-05   22.3   0.0   1   1   5.2e-08   5.1e-05   22.1   0.0    23    88     7    71     2    86 0.83 -
scaffold_4:16643830-16644015 -             62 169920at71240        -            111   0.00012   20.9   0.0   1   1   1.3e-07   0.00013   20.8   0.0    22    78     5    60     1    62 0.82 -
scaffold_6:25664228-25664482 -             85 169920at71240        -            111   0.00074   18.3   0.2   1   1   9.3e-07    0.0009   18.1   0.2    23    89     4    69     2    81 0.90 -
#
# Program:         hmmsearch
# Version:         3.3.2 (Nov 2020)
# Pipeline mode:   SEARCH
# Query file:      /scratch/srb67793/Pelargonium/scripts/busco_downloads/lineages/eudicots_odb10/hmms/169920at71240.hmm
# Target file:     /scratch/srb67793/Pelargonium/scripts/scratch/srb67793/Pelargonium/Results2/HiFiASM_OmniC/P_citronellum_hap2-scaffolds-busco/run_eudicots_odb10/metaeuk_output/initial_results/P_citronellum-hap2_scaffolds_final.fa.modified.fas
# Option settings: hmmsearch --domtblout /scratch/srb67793/Pelargonium/scripts/scratch/srb67793/Pelargonium/Results2/HiFiASM_OmniC/P_citronellum_hap2-scaffolds-busco/run_eudicots_odb10/hmmer_output/initial_run_results/169920at71240.out --cpu 1 /scratch/srb67793/Pelargonium/scripts/busco_downloads/lineages/eudicots_odb10/hmms/169920at71240.hmm /scratch/srb67793/Pelargonium/scripts/scratch/srb67793/Pelargonium/Results2/HiFiASM_OmniC/P_citronellum_hap2-scaffolds-busco/run_eudicots_odb10/metaeuk_output/initial_results/P_citronellum-hap2_scaffolds_final.fa.modified.fas 
# Current dir:     /scratch/srb67793/Pelargonium/scripts
# Date:            Fri Jul 19 11:03:25 2024
# [ok]
