#                                                                                    --- full sequence --- -------------- this domain -------------   hmm coord   ali coord   env coord
# target name                accession   tlen query name           accession   qlen   E-value  score  bias   #  of  c-Evalue  i-Evalue  score  bias  from    to  from    to  from    to  acc description of target
#        ------------------- ---------- ----- -------------------- ---------- ----- --------- ------ ----- --- --- --------- --------- ------ ----- ----- ----- ----- ----- ----- ----- ---- ---------------------
scaffold_8:10032938-10027163 -            718 19175at71240         -            618         0 1155.3  17.0   1   2    2e-112  2.2e-109  365.5   9.2     6   216    18   245     9   255 0.92 -
scaffold_8:10032938-10027163 -            718 19175at71240         -            618         0 1155.3  17.0   2   2  1.9e-241  2.1e-238  791.7   1.7   206   618   259   718   244   718 0.92 -
scaffold_10:1945197-1929250  -           1698 19175at71240         -            618   9.8e-10   36.3   7.8   1   2   1.1e-12   1.2e-09   36.1   1.4    37    93   239   297   229   347 0.79 -
scaffold_10:1945197-1929250  -           1698 19175at71240         -            618   9.8e-10   36.3   7.8   2   2    0.0081       8.7    3.5   0.6    56    93  1577  1611  1560  1650 0.67 -
scaffold_6:31919051-31920041 -            126 19175at71240         -            618     4e-09   34.3   0.0   1   1   4.1e-12   4.4e-09   34.2   0.0   369   447    22   100    12   125 0.82 -
scaffold_2:11633113-11636898 -            436 19175at71240         -            618     1e-08   32.9   0.1   1   1   1.8e-11     2e-08   32.0   0.1   369   466   139   239   129   323 0.83 -
scaffold_1:20115851-20128624 -           1723 19175at71240         -            618   0.00011   19.6   1.6   1   1   1.8e-07   0.00019   18.9   1.6    42    96   569   628   559   663 0.77 -
scaffold_167:97369-82278     -           1706 19175at71240         -            618     0.001   16.4   4.8   1   1   1.8e-06    0.0019   15.6   4.8    41    98   657   715   646   729 0.81 -
scaffold_8:8591685-8576594   -           1706 19175at71240         -            618     0.001   16.4   4.8   1   1   1.8e-06    0.0019   15.6   4.8    41    98   657   715   646   729 0.81 -
scaffold_167:142495-148162   -           1320 19175at71240         -            618    0.0041   14.5   5.8   1   1   6.4e-06    0.0069   13.7   5.8    41    94   642   697   634   712 0.82 -
scaffold_8:8636811-8646347   -           1788 19175at71240         -            618    0.0046   14.3   5.8   1   1   9.1e-06    0.0098   13.2   5.8    41    94   642   697   634   712 0.82 -
#
# Program:         hmmsearch
# Version:         3.3.2 (Nov 2020)
# Pipeline mode:   SEARCH
# Query file:      /scratch/srb67793/Pelargonium/scripts/busco_downloads/lineages/eudicots_odb10/hmms/19175at71240.hmm
# Target file:     /scratch/srb67793/Pelargonium/scripts/scratch/srb67793/Pelargonium/Results2/HiFiASM_OmniC/P_citronellum_hap2-scaffolds-busco/run_eudicots_odb10/metaeuk_output/initial_results/P_citronellum-hap2_scaffolds_final.fa.modified.fas
# Option settings: hmmsearch --domtblout /scratch/srb67793/Pelargonium/scripts/scratch/srb67793/Pelargonium/Results2/HiFiASM_OmniC/P_citronellum_hap2-scaffolds-busco/run_eudicots_odb10/hmmer_output/initial_run_results/19175at71240.out --cpu 1 /scratch/srb67793/Pelargonium/scripts/busco_downloads/lineages/eudicots_odb10/hmms/19175at71240.hmm /scratch/srb67793/Pelargonium/scripts/scratch/srb67793/Pelargonium/Results2/HiFiASM_OmniC/P_citronellum_hap2-scaffolds-busco/run_eudicots_odb10/metaeuk_output/initial_results/P_citronellum-hap2_scaffolds_final.fa.modified.fas 
# Current dir:     /scratch/srb67793/Pelargonium/scripts
# Date:            Fri Jul 19 11:03:24 2024
# [ok]
