#                                                                                    --- full sequence --- -------------- this domain -------------   hmm coord   ali coord   env coord
# target name                accession   tlen query name           accession   qlen   E-value  score  bias   #  of  c-Evalue  i-Evalue  score  bias  from    to  from    to  from    to  acc description of target
#        ------------------- ---------- ----- -------------------- ---------- ----- --------- ------ ----- --- --- --------- --------- ------ ----- ----- ----- ----- ----- ----- ----- ---- ---------------------
scaffold_12:5870012-5881523  -           1490 2327at71240          -           1026         0 1771.6  30.8   1   5  2.8e-111    9e-108  360.3   2.0     1   247     3   290     3   321 0.89 -
scaffold_12:5870012-5881523  -           1490 2327at71240          -           1026         0 1771.6  30.8   2   5   8.8e-25   2.8e-21   73.9   0.4   248   329   346   446   331   533 0.85 -
scaffold_12:5870012-5881523  -           1490 2327at71240          -           1026         0 1771.6  30.8   3   5   3.2e-38     1e-34  118.4   0.1   329   424   645   752   625   777 0.83 -
scaffold_12:5870012-5881523  -           1490 2327at71240          -           1026         0 1771.6  30.8   4   5  3.2e-263    1e-259  863.3   6.7   411   859   781  1255   777  1283 0.94 -
scaffold_12:5870012-5881523  -           1490 2327at71240          -           1026         0 1771.6  30.8   5   5  2.4e-114  7.9e-111  370.4   0.1   859  1025  1297  1464  1284  1465 0.95 -
scaffold_4:30384950-30375990 -            708 2327at71240          -           1026     9e-07   25.9   0.2   1   3   0.00021      0.69    6.4   0.0   760   792   421   453   411   479 0.85 -
scaffold_4:30384950-30375990 -            708 2327at71240          -           1026     9e-07   25.9   0.2   2   3     2e-07   0.00064   16.5   0.0   882   934   511   563   496   574 0.87 -
scaffold_4:30384950-30375990 -            708 2327at71240          -           1026     9e-07   25.9   0.2   3   3     0.081   2.6e+02   -2.1   0.0   937  1003   599   671   594   689 0.76 -
scaffold_6:18214250-18206284 -            718 2327at71240          -           1026   3.5e-06   24.0   0.2   1   3    0.0007       2.3    4.7   0.0   761   797   434   470   426   494 0.81 -
scaffold_6:18214250-18206284 -            718 2327at71240          -           1026   3.5e-06   24.0   0.2   2   3   1.6e-07   0.00053   16.7   0.0   882   935   523   576   508   590 0.86 -
scaffold_6:18214250-18206284 -            718 2327at71240          -           1026   3.5e-06   24.0   0.2   3   3      0.33   1.1e+03   -4.1   0.0   947  1002   621   682   615   687 0.73 -
#
# Program:         hmmsearch
# Version:         3.3.2 (Nov 2020)
# Pipeline mode:   SEARCH
# Query file:      /scratch/srb67793/Pelargonium/scripts/busco_downloads/lineages/eudicots_odb10/hmms/2327at71240.hmm
# Target file:     /scratch/srb67793/Pelargonium/scripts/scratch/srb67793/Pelargonium/Results2/HiFiASM_OmniC/P_citronellum_hap2-scaffolds-busco/run_eudicots_odb10/metaeuk_output/initial_results/P_citronellum-hap2_scaffolds_final.fa.modified.fas
# Option settings: hmmsearch --domtblout /scratch/srb67793/Pelargonium/scripts/scratch/srb67793/Pelargonium/Results2/HiFiASM_OmniC/P_citronellum_hap2-scaffolds-busco/run_eudicots_odb10/hmmer_output/initial_run_results/2327at71240.out --cpu 1 /scratch/srb67793/Pelargonium/scripts/busco_downloads/lineages/eudicots_odb10/hmms/2327at71240.hmm /scratch/srb67793/Pelargonium/scripts/scratch/srb67793/Pelargonium/Results2/HiFiASM_OmniC/P_citronellum_hap2-scaffolds-busco/run_eudicots_odb10/metaeuk_output/initial_results/P_citronellum-hap2_scaffolds_final.fa.modified.fas 
# Current dir:     /scratch/srb67793/Pelargonium/scripts
# Date:            Fri Jul 19 11:04:01 2024
# [ok]
