#                                                                                    --- full sequence --- -------------- this domain -------------   hmm coord   ali coord   env coord
# target name                accession   tlen query name           accession   qlen   E-value  score  bias   #  of  c-Evalue  i-Evalue  score  bias  from    to  from    to  from    to  acc description of target
#        ------------------- ---------- ----- -------------------- ---------- ----- --------- ------ ----- --- --- --------- --------- ------ ----- ----- ----- ----- ----- ----- ----- ---- ---------------------
scaffold_4:5541192-5545770   -            570 26884at71240         -            484  1.3e-297  986.2   0.0   1   1  1.3e-300  1.5e-297  986.1   0.0     1   484    54   565    54   565 0.98 -
scaffold_10:3902323-3897911  -            576 26884at71240         -            484   7.9e-54  182.3   0.0   1   2   9.1e-14   1.1e-10   40.0   0.0     1    75    56   132    56   149 0.90 -
scaffold_10:3902323-3897911  -            576 26884at71240         -            484   7.9e-54  182.3   0.0   2   2   3.7e-44   4.5e-41  140.3   0.0   172   475   247   572   231   575 0.81 -
scaffold_5:2469757-2467722   -            677 26884at71240         -            484   0.00077   17.5   0.2   1   1   8.7e-07    0.0011   17.0   0.2     3    57   202   261   200   305 0.83 -
scaffold_11:4816627-4819669  -            747 26884at71240         -            484     0.019   12.8   0.4   1   1   2.6e-05     0.032   12.1   0.4     2    58   163   224   162   238 0.80 -
scaffold_3:14298166-14297021 -            382 26884at71240         -            484     0.022   12.7   0.0   1   2     6e-05     0.072   11.0   0.0     1    32     3    34     3    62 0.85 -
scaffold_3:14298166-14297021 -            382 26884at71240         -            484     0.022   12.7   0.0   2   2      0.32   3.9e+02   -1.3   0.0   271   303   140   172   133   176 0.89 -
scaffold_67:244702-241403    -            395 26884at71240         -            484     0.024   12.5   0.1   1   1   2.8e-05     0.034   12.0   0.1     1    30    10    39    10    53 0.90 -
scaffold_14:3583036-3586323  -            395 26884at71240         -            484     0.025   12.5   0.1   1   1   2.9e-05     0.036   12.0   0.1     1    30    10    39    10    52 0.91 -
scaffold_3:11314694-11313534 -            387 26884at71240         -            484     0.047   11.6   0.0   1   2   0.00013      0.15    9.9   0.0     1    31     8    38     8    67 0.85 -
scaffold_3:11314694-11313534 -            387 26884at71240         -            484     0.047   11.6   0.0   2   2      0.32   3.9e+02   -1.4   0.0   271   303   145   177   138   181 0.89 -
#
# Program:         hmmsearch
# Version:         3.3.2 (Nov 2020)
# Pipeline mode:   SEARCH
# Query file:      /scratch/srb67793/Pelargonium/scripts/busco_downloads/lineages/eudicots_odb10/hmms/26884at71240.hmm
# Target file:     /scratch/srb67793/Pelargonium/scripts/scratch/srb67793/Pelargonium/Results2/HiFiASM_OmniC/P_citronellum_hap2-scaffolds-busco/run_eudicots_odb10/metaeuk_output/initial_results/P_citronellum-hap2_scaffolds_final.fa.modified.fas
# Option settings: hmmsearch --domtblout /scratch/srb67793/Pelargonium/scripts/scratch/srb67793/Pelargonium/Results2/HiFiASM_OmniC/P_citronellum_hap2-scaffolds-busco/run_eudicots_odb10/hmmer_output/initial_run_results/26884at71240.out --cpu 1 /scratch/srb67793/Pelargonium/scripts/busco_downloads/lineages/eudicots_odb10/hmms/26884at71240.hmm /scratch/srb67793/Pelargonium/scripts/scratch/srb67793/Pelargonium/Results2/HiFiASM_OmniC/P_citronellum_hap2-scaffolds-busco/run_eudicots_odb10/metaeuk_output/initial_results/P_citronellum-hap2_scaffolds_final.fa.modified.fas 
# Current dir:     /scratch/srb67793/Pelargonium/scripts
# Date:            Fri Jul 19 11:03:33 2024
# [ok]
