#                                                                                    --- full sequence --- -------------- this domain -------------   hmm coord   ali coord   env coord
# target name                accession   tlen query name           accession   qlen   E-value  score  bias   #  of  c-Evalue  i-Evalue  score  bias  from    to  from    to  from    to  acc description of target
#        ------------------- ---------- ----- -------------------- ---------- ----- --------- ------ ----- --- --- --------- --------- ------ ----- ----- ----- ----- ----- ----- ----- ---- ---------------------
scaffold_8:1228670-1239104   -            567 41496at71240         -            504  7.3e-293  970.7  18.9   1   1  6.5e-296  1.3e-292  970.0  18.9     1   504     8   559     8   559 0.93 -
scaffold_8:4048487-4038022   -            567 41496at71240         -            504  7.3e-293  970.7  18.9   1   1  6.5e-296  1.3e-292  970.0  18.9     1   504     8   559     8   559 0.93 -
scaffold_6:27475674-27477356 -            561 41496at71240         -            504   7.4e-13   47.0   0.1   1   2   7.5e-13   1.5e-09   36.1   0.0    15   354     1   398     1   412 0.73 -
scaffold_6:27475674-27477356 -            561 41496at71240         -            504   7.4e-13   47.0   0.1   2   2     0.024        46    1.5   0.1   447   472   511   536   506   556 0.80 -
scaffold_4:16363828-16372303 -            594 41496at71240         -            504   4.7e-07   27.9   4.4   1   3    0.0022       4.2    4.9   0.1     6    95    27   120    19   178 0.72 -
scaffold_4:16363828-16372303 -            594 41496at71240         -            504   4.7e-07   27.9   4.4   2   3   2.9e-09   5.5e-06   24.3   0.4   169   295   218   355   186   376 0.76 -
scaffold_4:16363828-16372303 -            594 41496at71240         -            504   4.7e-07   27.9   4.4   3   3      0.93   1.8e+03   -3.7   0.0   452   474   537   559   534   575 0.74 -
scaffold_5:11035981-11043666 -            595 41496at71240         -            504   0.00013   19.8   0.5   1   3       0.2   3.9e+02   -1.5   0.1    21    63    74   114    23   150 0.60 -
scaffold_5:11035981-11043666 -            595 41496at71240         -            504   0.00013   19.8   0.5   2   3   6.7e-08   0.00013   19.8   0.5   180   343   228   398   219   409 0.69 -
scaffold_5:11035981-11043666 -            595 41496at71240         -            504   0.00013   19.8   0.5   3   3      0.45   8.7e+02   -2.7   0.0   450   474   536   560   533   578 0.72 -
#
# Program:         hmmsearch
# Version:         3.3.2 (Nov 2020)
# Pipeline mode:   SEARCH
# Query file:      /scratch/srb67793/Pelargonium/scripts/busco_downloads/lineages/eudicots_odb10/hmms/41496at71240.hmm
# Target file:     /scratch/srb67793/Pelargonium/scripts/scratch/srb67793/Pelargonium/Results2/HiFiASM_OmniC/P_citronellum_hap2-scaffolds-busco/run_eudicots_odb10/metaeuk_output/initial_results/P_citronellum-hap2_scaffolds_final.fa.modified.fas
# Option settings: hmmsearch --domtblout /scratch/srb67793/Pelargonium/scripts/scratch/srb67793/Pelargonium/Results2/HiFiASM_OmniC/P_citronellum_hap2-scaffolds-busco/run_eudicots_odb10/hmmer_output/initial_run_results/41496at71240.out --cpu 1 /scratch/srb67793/Pelargonium/scripts/busco_downloads/lineages/eudicots_odb10/hmms/41496at71240.hmm /scratch/srb67793/Pelargonium/scripts/scratch/srb67793/Pelargonium/Results2/HiFiASM_OmniC/P_citronellum_hap2-scaffolds-busco/run_eudicots_odb10/metaeuk_output/initial_results/P_citronellum-hap2_scaffolds_final.fa.modified.fas 
# Current dir:     /scratch/srb67793/Pelargonium/scripts
# Date:            Fri Jul 19 11:03:51 2024
# [ok]
