#                                                                                    --- full sequence --- -------------- this domain -------------   hmm coord   ali coord   env coord
# target name                accession   tlen query name           accession   qlen   E-value  score  bias   #  of  c-Evalue  i-Evalue  score  bias  from    to  from    to  from    to  acc description of target
#        ------------------- ---------- ----- -------------------- ---------- ----- --------- ------ ----- --- --- --------- --------- ------ ----- ----- ----- ----- ----- ----- ----- ---- ---------------------
scaffold_6:30216095-30221360 -            591 44038at71240         -            481    3e-238  790.4  15.9   1   3  6.2e-150  1.5e-146  488.0   1.3     1   268     1   280     1   288 0.95 -
scaffold_6:30216095-30221360 -            591 44038at71240         -            481    3e-238  790.4  15.9   2   3   2.3e-89   5.6e-86  288.2   2.0   250   435   285   469   278   499 0.95 -
scaffold_6:30216095-30221360 -            591 44038at71240         -            481    3e-238  790.4  15.9   3   3   1.4e-08   3.3e-05   21.9   0.5   435   480   529   591   488   591 0.67 -
scaffold_4:31071297-31076044 -            597 44038at71240         -            481   2.9e-41  140.8   2.1   1   3   4.7e-44   1.1e-40  138.8   0.0     1   234     1   245     1   253 0.88 -
scaffold_4:31071297-31076044 -            597 44038at71240         -            481   2.9e-41  140.8   2.1   2   3      0.51   1.2e+03   -3.1   0.0   353   379   438   465   434   482 0.77 -
scaffold_4:31071297-31076044 -            597 44038at71240         -            481   2.9e-41  140.8   2.1   3   3     0.034        84    0.8   0.2   380   423   512   555   507   569 0.71 -
scaffold_8:19795244-19785596 -           1548 44038at71240         -            481   1.8e-39  134.8   0.2   1   3   1.2e-07   0.00029   18.8   0.0     1   100     1   120     1   135 0.81 -
scaffold_8:19795244-19785596 -           1548 44038at71240         -            481   1.8e-39  134.8   0.2   2   3   5.1e-33   1.2e-29  102.4   0.1    95   231   869  1004   845  1009 0.92 -
scaffold_8:19795244-19785596 -           1548 44038at71240         -            481   1.8e-39  134.8   0.2   3   3   0.00017      0.41    8.4   0.1   247   320  1073  1141  1047  1240 0.77 -
scaffold_3:5587339-5593618   -            644 44038at71240         -            481   5.3e-05   21.2   0.1   1   2   2.2e-08   5.3e-05   21.2   0.1   129   223   150   247     1   266 0.78 -
scaffold_3:5587339-5593618   -            644 44038at71240         -            481   5.3e-05   21.2   0.1   2   2      0.99   2.4e+03   -4.1   0.3   415   464   473   522   464   528 0.65 -
#
# Program:         hmmsearch
# Version:         3.3.2 (Nov 2020)
# Pipeline mode:   SEARCH
# Query file:      /scratch/srb67793/Pelargonium/scripts/busco_downloads/lineages/eudicots_odb10/hmms/44038at71240.hmm
# Target file:     /scratch/srb67793/Pelargonium/scripts/scratch/srb67793/Pelargonium/Results2/HiFiASM_OmniC/P_citronellum_hap2-scaffolds-busco/run_eudicots_odb10/metaeuk_output/initial_results/P_citronellum-hap2_scaffolds_final.fa.modified.fas
# Option settings: hmmsearch --domtblout /scratch/srb67793/Pelargonium/scripts/scratch/srb67793/Pelargonium/Results2/HiFiASM_OmniC/P_citronellum_hap2-scaffolds-busco/run_eudicots_odb10/hmmer_output/initial_run_results/44038at71240.out --cpu 1 /scratch/srb67793/Pelargonium/scripts/busco_downloads/lineages/eudicots_odb10/hmms/44038at71240.hmm /scratch/srb67793/Pelargonium/scripts/scratch/srb67793/Pelargonium/Results2/HiFiASM_OmniC/P_citronellum_hap2-scaffolds-busco/run_eudicots_odb10/metaeuk_output/initial_results/P_citronellum-hap2_scaffolds_final.fa.modified.fas 
# Current dir:     /scratch/srb67793/Pelargonium/scripts
# Date:            Fri Jul 19 11:03:40 2024
# [ok]
