#                                                                                    --- full sequence --- -------------- this domain -------------   hmm coord   ali coord   env coord
# target name                accession   tlen query name           accession   qlen   E-value  score  bias   #  of  c-Evalue  i-Evalue  score  bias  from    to  from    to  from    to  acc description of target
#        ------------------- ---------- ----- -------------------- ---------- ----- --------- ------ ----- --- --- --------- --------- ------ ----- ----- ----- ----- ----- ----- ----- ---- ---------------------
scaffold_11:50517-54450      -            432 44232at71240         -            364  1.4e-155  517.2   3.6   1   2  1.4e-136  1.6e-133  444.5   0.2     3   307     2   315     1   331 0.93 -
scaffold_11:50517-54450      -            432 44232at71240         -            364  1.4e-155  517.2   3.6   2   2   8.6e-23     1e-19   70.1   0.4   302   364   340   411   323   411 0.85 -
scaffold_5:11725186-11718663 -            422 44232at71240         -            364   7.8e-13   47.5   0.0   1   1   9.5e-16   1.2e-12   46.9   0.0     8   236    22   254    18   258 0.80 -
scaffold_7:27794804-27800370 -            498 44232at71240         -            364   1.2e-08   33.7   0.0   1   1   1.4e-11   1.7e-08   33.2   0.0    71   245   144   337    89   352 0.78 -
scaffold_8:26413848-26416828 -            454 44232at71240         -            364   1.3e-08   33.6   0.0   1   2   2.3e-06    0.0027   16.1   0.0    31   179    42   204    36   215 0.59 -
scaffold_8:26413848-26416828 -            454 44232at71240         -            364   1.3e-08   33.6   0.0   2   2   5.9e-06    0.0071   14.7   0.0   195   242   242   289   231   314 0.88 -
scaffold_6:18016684-18004467 -            535 44232at71240         -            364   3.8e-05   22.2   0.0   1   2   0.00029      0.35    9.2   0.0    65   161    86   184    73   233 0.78 -
scaffold_6:18016684-18004467 -            535 44232at71240         -            364   3.8e-05   22.2   0.0   2   2   8.6e-05       0.1   10.9   0.0   199   256   298   357   242   372 0.76 -
scaffold_2:10507260-10515878 -            660 44232at71240         -            364    0.0006   18.3   0.0   1   1   8.1e-07   0.00098   17.6   0.0    69   238   298   497   288   591 0.66 -
scaffold_1:25818859-25818539 -            107 44232at71240         -            364    0.0062   14.9   0.0   1   1   5.3e-06    0.0064   14.9   0.0    26    95    28    98     1   101 0.73 -
scaffold_2:17176984-17171222 -            406 44232at71240         -            364    0.0063   14.9   0.1   1   1   8.8e-06     0.011   14.1   0.1   167   228   207   280   183   287 0.78 -
#
# Program:         hmmsearch
# Version:         3.3.2 (Nov 2020)
# Pipeline mode:   SEARCH
# Query file:      /scratch/srb67793/Pelargonium/scripts/busco_downloads/lineages/eudicots_odb10/hmms/44232at71240.hmm
# Target file:     /scratch/srb67793/Pelargonium/scripts/scratch/srb67793/Pelargonium/Results2/HiFiASM_OmniC/P_citronellum_hap2-scaffolds-busco/run_eudicots_odb10/metaeuk_output/initial_results/P_citronellum-hap2_scaffolds_final.fa.modified.fas
# Option settings: hmmsearch --domtblout /scratch/srb67793/Pelargonium/scripts/scratch/srb67793/Pelargonium/Results2/HiFiASM_OmniC/P_citronellum_hap2-scaffolds-busco/run_eudicots_odb10/hmmer_output/initial_run_results/44232at71240.out --cpu 1 /scratch/srb67793/Pelargonium/scripts/busco_downloads/lineages/eudicots_odb10/hmms/44232at71240.hmm /scratch/srb67793/Pelargonium/scripts/scratch/srb67793/Pelargonium/Results2/HiFiASM_OmniC/P_citronellum_hap2-scaffolds-busco/run_eudicots_odb10/metaeuk_output/initial_results/P_citronellum-hap2_scaffolds_final.fa.modified.fas 
# Current dir:     /scratch/srb67793/Pelargonium/scripts
# Date:            Fri Jul 19 11:03:41 2024
# [ok]
