#                                                                                    --- full sequence --- -------------- this domain -------------   hmm coord   ali coord   env coord
# target name                accession   tlen query name           accession   qlen   E-value  score  bias   #  of  c-Evalue  i-Evalue  score  bias  from    to  from    to  from    to  acc description of target
#        ------------------- ---------- ----- -------------------- ---------- ----- --------- ------ ----- --- --- --------- --------- ------ ----- ----- ----- ----- ----- ----- ----- ---- ---------------------
scaffold_2:37967682-37977863 -            561 50272at71240         -            478  2.6e-252  836.9  12.6   1   2   2.6e-27   6.3e-24   83.7   0.0     1    84     1    92     1    96 0.85 -
scaffold_2:37967682-37977863 -            561 50272at71240         -            478  2.6e-252  836.9  12.6   2   2    6e-229  1.4e-225  748.7  11.7    63   478    93   561    79   561 0.92 -
scaffold_3:25123788-25134544 -           1135 50272at71240         -            478   1.4e-06   26.5   1.6   1   3   8.6e-07    0.0021   16.0   0.1   255   381   112   242   100   256 0.85 -
scaffold_3:25123788-25134544 -           1135 50272at71240         -            478   1.4e-06   26.5   1.6   2   3   0.00048       1.2    7.0   0.0   148   206   350   407   330   438 0.85 -
scaffold_3:25123788-25134544 -           1135 50272at71240         -            478   1.4e-06   26.5   1.6   3   3     0.052   1.3e+02    0.3   0.1   401   447   558   602   528   633 0.61 -
scaffold_8:22374933-22374142 -            264 50272at71240         -            478   0.00038   18.5   0.1   1   1   2.2e-07   0.00053   18.0   0.1   146   215   183   256   168   264 0.85 -
scaffold_2:22384347-22377603 -            647 50272at71240         -            478       0.3    8.9   6.3   1   4      0.14   3.5e+02   -1.2   0.0   165   202   133   170   124   173 0.85 -
scaffold_2:22384347-22377603 -            647 50272at71240         -            478       0.3    8.9   6.3   2   4     0.028        67    1.2   0.4   317   383   339   401   328   487 0.62 -
scaffold_2:22384347-22377603 -            647 50272at71240         -            478       0.3    8.9   6.3   3   4      0.14   3.3e+02   -1.1   0.0   100   116   502   518   496   543 0.79 -
scaffold_2:22384347-22377603 -            647 50272at71240         -            478       0.3    8.9   6.3   4   4   0.00017      0.42    8.4   0.1   350   398   567   615   535   632 0.84 -
#
# Program:         hmmsearch
# Version:         3.3.2 (Nov 2020)
# Pipeline mode:   SEARCH
# Query file:      /scratch/srb67793/Pelargonium/scripts/busco_downloads/lineages/eudicots_odb10/hmms/50272at71240.hmm
# Target file:     /scratch/srb67793/Pelargonium/scripts/scratch/srb67793/Pelargonium/Results2/HiFiASM_OmniC/P_citronellum_hap2-scaffolds-busco/run_eudicots_odb10/metaeuk_output/initial_results/P_citronellum-hap2_scaffolds_final.fa.modified.fas
# Option settings: hmmsearch --domtblout /scratch/srb67793/Pelargonium/scripts/scratch/srb67793/Pelargonium/Results2/HiFiASM_OmniC/P_citronellum_hap2-scaffolds-busco/run_eudicots_odb10/hmmer_output/initial_run_results/50272at71240.out --cpu 1 /scratch/srb67793/Pelargonium/scripts/busco_downloads/lineages/eudicots_odb10/hmms/50272at71240.hmm /scratch/srb67793/Pelargonium/scripts/scratch/srb67793/Pelargonium/Results2/HiFiASM_OmniC/P_citronellum_hap2-scaffolds-busco/run_eudicots_odb10/metaeuk_output/initial_results/P_citronellum-hap2_scaffolds_final.fa.modified.fas 
# Current dir:     /scratch/srb67793/Pelargonium/scripts
# Date:            Fri Jul 19 11:04:15 2024
# [ok]
