#                                                                                    --- full sequence --- -------------- this domain -------------   hmm coord   ali coord   env coord
# target name                accession   tlen query name           accession   qlen   E-value  score  bias   #  of  c-Evalue  i-Evalue  score  bias  from    to  from    to  from    to  acc description of target
#        ------------------- ---------- ----- -------------------- ---------- ----- --------- ------ ----- --- --- --------- --------- ------ ----- ----- ----- ----- ----- ----- ----- ---- ---------------------
scaffold_6:18016684-18004467 -            535 51434at71240         -            450  8.6e-217  719.2   2.6   1   2   2.1e-85   2.9e-82  275.8   0.1     2   194     8   199     6   206 0.94 -
scaffold_6:18016684-18004467 -            535 51434at71240         -            450  8.6e-217  719.2   2.6   2   2  5.3e-135  7.3e-132  439.3   0.5   189   449   239   535   236   535 0.92 -
scaffold_2:10507260-10515878 -            660 51434at71240         -            450   8.2e-12   43.6   0.0   1   1   1.2e-14   1.7e-11   42.5   0.0    80   275   302   495   295   506 0.79 -
scaffold_8:26413848-26416828 -            454 51434at71240         -            450   1.4e-08   32.9   1.3   1   1   7.9e-11   1.1e-07   30.0   1.3    37   271    50   279    36   299 0.76 -
scaffold_7:27794804-27800370 -            498 51434at71240         -            450   6.6e-08   30.7   0.1   1   1     7e-10   9.8e-07   26.8   0.1    62   268   128   323   120   347 0.81 -
scaffold_11:50517-54450      -            432 51434at71240         -            450   7.3e-07   27.2   0.0   1   2   4.9e-07   0.00069   17.4   0.0    63   178    62   178     2   188 0.83 -
scaffold_11:50517-54450      -            432 51434at71240         -            450   7.3e-07   27.2   0.0   2   2   0.00043       0.6    7.7   0.0   241   271   209   239   198   246 0.88 -
scaffold_1:25818859-25818539 -            107 51434at71240         -            450   5.2e-05   21.1   0.0   1   1   3.8e-08   5.2e-05   21.1   0.0    39   109    43   106     1   107 0.58 -
scaffold_5:11725186-11718663 -            422 51434at71240         -            450    0.0045   14.7   0.1   1   2   6.4e-05     0.088   10.5   0.0    40   135    62   153    17   182 0.75 -
scaffold_5:11725186-11718663 -            422 51434at71240         -            450    0.0045   14.7   0.1   2   2     0.023        32    2.0   0.1   240   273   219   252   188   273 0.75 -
#
# Program:         hmmsearch
# Version:         3.3.2 (Nov 2020)
# Pipeline mode:   SEARCH
# Query file:      /scratch/srb67793/Pelargonium/scripts/busco_downloads/lineages/eudicots_odb10/hmms/51434at71240.hmm
# Target file:     /scratch/srb67793/Pelargonium/scripts/scratch/srb67793/Pelargonium/Results2/HiFiASM_OmniC/P_citronellum_hap2-scaffolds-busco/run_eudicots_odb10/metaeuk_output/initial_results/P_citronellum-hap2_scaffolds_final.fa.modified.fas
# Option settings: hmmsearch --domtblout /scratch/srb67793/Pelargonium/scripts/scratch/srb67793/Pelargonium/Results2/HiFiASM_OmniC/P_citronellum_hap2-scaffolds-busco/run_eudicots_odb10/hmmer_output/initial_run_results/51434at71240.out --cpu 1 /scratch/srb67793/Pelargonium/scripts/busco_downloads/lineages/eudicots_odb10/hmms/51434at71240.hmm /scratch/srb67793/Pelargonium/scripts/scratch/srb67793/Pelargonium/Results2/HiFiASM_OmniC/P_citronellum_hap2-scaffolds-busco/run_eudicots_odb10/metaeuk_output/initial_results/P_citronellum-hap2_scaffolds_final.fa.modified.fas 
# Current dir:     /scratch/srb67793/Pelargonium/scripts
# Date:            Fri Jul 19 11:03:48 2024
# [ok]
