#                                                                                    --- full sequence --- -------------- this domain -------------   hmm coord   ali coord   env coord
# target name                accession   tlen query name           accession   qlen   E-value  score  bias   #  of  c-Evalue  i-Evalue  score  bias  from    to  from    to  from    to  acc description of target
#        ------------------- ---------- ----- -------------------- ---------- ----- --------- ------ ----- --- --- --------- --------- ------ ----- ----- ----- ----- ----- ----- ----- ---- ---------------------
scaffold_8:21362087-21375825 -            737 83991at71240         -            378  5.6e-170  564.5   5.9   1   2  1.4e-153  2.2e-150  500.0   2.0     1   275   374   663   374   666 0.93 -
scaffold_8:21362087-21375825 -            737 83991at71240         -            378  5.6e-170  564.5   5.9   2   2   4.6e-21   7.4e-18   63.8   0.1   319   378   665   736   661   736 0.89 -
scaffold_7:6054430-6044977   -            428 83991at71240         -            378   3.9e-41  140.5   1.4   1   1   3.3e-44   5.4e-41  140.0   1.4    35   367    61   407    46   410 0.83 -
scaffold_1:33088926-33084540 -            514 83991at71240         -            378     3e-40  137.5   3.0   1   2   9.4e-41   1.5e-37  128.6   0.4    33   282   111   355    98   374 0.91 -
scaffold_1:33088926-33084540 -            514 83991at71240         -            378     3e-40  137.5   3.0   2   2   0.00022      0.36    8.9   0.1   298   342   408   458   395   467 0.81 -
scaffold_7:1979286-1974763   -            507 83991at71240         -            378     7e-37  126.5   0.0   1   1   7.8e-40   1.3e-36  125.6   0.0    32   337   119   434   108   446 0.84 -
scaffold_3:242524-247322     -            575 83991at71240         -            378     8e-35  119.7   0.5   1   1   7.6e-38   1.2e-34  119.1   0.5    28   284   147   395   124   420 0.89 -
scaffold_7:24614656-24610054 -            547 83991at71240         -            378     1e-23   83.1   3.0   1   3   1.3e-24   2.1e-21   75.5   0.6    44   214   123   288   107   296 0.87 -
scaffold_7:24614656-24610054 -            547 83991at71240         -            378     1e-23   83.1   3.0   2   3   0.00078       1.3    7.1   0.0   207   284   315   392   301   398 0.88 -
scaffold_7:24614656-24610054 -            547 83991at71240         -            378     1e-23   83.1   3.0   3   3      0.92   1.5e+03   -3.0   0.0   314   350   449   483   446   500 0.72 -
#
# Program:         hmmsearch
# Version:         3.3.2 (Nov 2020)
# Pipeline mode:   SEARCH
# Query file:      /scratch/srb67793/Pelargonium/scripts/busco_downloads/lineages/eudicots_odb10/hmms/83991at71240.hmm
# Target file:     /scratch/srb67793/Pelargonium/scripts/scratch/srb67793/Pelargonium/Results2/HiFiASM_OmniC/P_citronellum_hap2-scaffolds-busco/run_eudicots_odb10/metaeuk_output/initial_results/P_citronellum-hap2_scaffolds_final.fa.modified.fas
# Option settings: hmmsearch --domtblout /scratch/srb67793/Pelargonium/scripts/scratch/srb67793/Pelargonium/Results2/HiFiASM_OmniC/P_citronellum_hap2-scaffolds-busco/run_eudicots_odb10/hmmer_output/initial_run_results/83991at71240.out --cpu 1 /scratch/srb67793/Pelargonium/scripts/busco_downloads/lineages/eudicots_odb10/hmms/83991at71240.hmm /scratch/srb67793/Pelargonium/scripts/scratch/srb67793/Pelargonium/Results2/HiFiASM_OmniC/P_citronellum_hap2-scaffolds-busco/run_eudicots_odb10/metaeuk_output/initial_results/P_citronellum-hap2_scaffolds_final.fa.modified.fas 
# Current dir:     /scratch/srb67793/Pelargonium/scripts
# Date:            Fri Jul 19 11:04:17 2024
# [ok]
