#                                                                                   --- full sequence --- -------------- this domain -------------   hmm coord   ali coord   env coord
# target name               accession   tlen query name           accession   qlen   E-value  score  bias   #  of  c-Evalue  i-Evalue  score  bias  from    to  from    to  from    to  acc description of target
#       ------------------- ---------- ----- -------------------- ---------- ----- --------- ------ ----- --- --- --------- --------- ------ ----- ----- ----- ----- ----- ----- ----- ---- ---------------------
h2tg000454l:517800-524079   -            644 16421at71240         -            518    1e-271  901.8   9.6   1   3  4.2e-241  1.2e-237  789.4   0.0     1   391     1   401     1   439 0.93 -
h2tg000454l:517800-524079   -            644 16421at71240         -            518    1e-271  901.8   9.6   2   3    0.0023       6.3    5.0   0.5   403   440   488   509   456   525 0.49 -
h2tg000454l:517800-524079   -            644 16421at71240         -            518    1e-271  901.8   9.6   3   3   6.5e-36   1.8e-32  112.4   5.2   382   518   500   642   491   642 0.71 -
h2tg000138l:2240706-2236778 -            553 16421at71240         -            518   1.5e-70  238.0   0.0   1   1     3e-73   8.1e-70  235.6   0.0    32   336    44   346    37   369 0.87 -
h2tg000188l:73818-64170     -           1548 16421at71240         -            518   8.5e-16   57.3   0.3   1   2   0.00037         1    7.6   0.1    54   101    69   116    44   125 0.86 -
h2tg000188l:73818-64170     -           1548 16421at71240         -            518   8.5e-16   57.3   0.3   2   2   4.4e-16   1.2e-12   47.0   0.0    96   247   852   997   835  1011 0.77 -
h2tg000036l:3609530-3614277 -            597 16421at71240         -            518   2.8e-06   25.9   0.0   1   1   4.7e-09   1.3e-05   23.8   0.0    20   251    21   239     1   246 0.74 -
h2tg000393l:641153-646418   -            591 16421at71240         -            518   0.00041   18.8   0.1   1   3     0.015        40    2.3   0.4     1    91     1    89     1   107 0.82 -
h2tg000393l:641153-646418   -            591 16421at71240         -            518   0.00041   18.8   0.1   2   3   1.5e-07   0.00041   18.8   0.1   150   244   142   233   134   242 0.82 -
h2tg000393l:641153-646418   -            591 16421at71240         -            518   0.00041   18.8   0.1   3   3      0.59   1.6e+03   -3.0   0.1   325   353   424   452   399   530 0.56 -
#
# Program:         hmmsearch
# Version:         3.3.2 (Nov 2020)
# Pipeline mode:   SEARCH
# Query file:      /scratch/srb67793/Pelargonium/busco_downloads/lineages/eudicots_odb10/hmms/16421at71240.hmm
# Target file:     /scratch/srb67793/Pelargonium/P_citronellum_omnic-hap1-busco/run_eudicots_odb10/metaeuk_output/initial_results/P_citronellum_OmniC.hic.bp.hap1.p_ctg.fa.modified.fas
# Option settings: hmmsearch --domtblout /scratch/srb67793/Pelargonium/P_citronellum_omnic-hap1-busco/run_eudicots_odb10/hmmer_output/initial_run_results/16421at71240.out --cpu 1 /scratch/srb67793/Pelargonium/busco_downloads/lineages/eudicots_odb10/hmms/16421at71240.hmm /scratch/srb67793/Pelargonium/P_citronellum_omnic-hap1-busco/run_eudicots_odb10/metaeuk_output/initial_results/P_citronellum_OmniC.hic.bp.hap1.p_ctg.fa.modified.fas 
# Current dir:     /scratch/srb67793/Pelargonium
# Date:            Tue Jul 16 10:01:15 2024
# [ok]
