#                                                                                   --- full sequence --- -------------- this domain -------------   hmm coord   ali coord   env coord
# target name               accession   tlen query name           accession   qlen   E-value  score  bias   #  of  c-Evalue  i-Evalue  score  bias  from    to  from    to  from    to  acc description of target
#       ------------------- ---------- ----- -------------------- ---------- ----- --------- ------ ----- --- --- --------- --------- ------ ----- ----- ----- ----- ----- ----- ----- ---- ---------------------
h2tg000215l:856546-868057   -           1490 2327at71240          -           1026         0 1771.6  30.8   1   5  2.8e-111  1.3e-107  360.3   2.0     1   247     3   290     3   321 0.89 -
h2tg000215l:856546-868057   -           1490 2327at71240          -           1026         0 1771.6  30.8   2   5   8.8e-25     4e-21   73.9   0.4   248   329   346   446   331   533 0.85 -
h2tg000215l:856546-868057   -           1490 2327at71240          -           1026         0 1771.6  30.8   3   5   3.2e-38   1.4e-34  118.4   0.1   329   424   645   752   625   777 0.83 -
h2tg000215l:856546-868057   -           1490 2327at71240          -           1026         0 1771.6  30.8   4   5  3.2e-263  1.5e-259  863.3   6.7   411   859   781  1255   777  1283 0.94 -
h2tg000215l:856546-868057   -           1490 2327at71240          -           1026         0 1771.6  30.8   5   5  2.4e-114  1.1e-110  370.4   0.1   859  1025  1297  1464  1284  1465 0.95 -
h2tg000036l:2923183-2914223 -            708 2327at71240          -           1026   1.3e-06   25.9   0.2   1   3   0.00021      0.96    6.4   0.0   760   792   421   453   411   479 0.85 -
h2tg000036l:2923183-2914223 -            708 2327at71240          -           1026   1.3e-06   25.9   0.2   2   3     2e-07    0.0009   16.5   0.0   882   934   511   563   496   574 0.87 -
h2tg000036l:2923183-2914223 -            708 2327at71240          -           1026   1.3e-06   25.9   0.2   3   3     0.081   3.7e+02   -2.1   0.0   937  1003   599   671   594   689 0.76 -
h2tg000428l:17303-9337      -            718 2327at71240          -           1026   4.9e-06   24.0   0.2   1   3    0.0007       3.2    4.7   0.0   761   797   434   470   426   494 0.81 -
h2tg000428l:17303-9337      -            718 2327at71240          -           1026   4.9e-06   24.0   0.2   2   3   1.6e-07   0.00074   16.7   0.0   882   935   523   576   508   590 0.86 -
h2tg000428l:17303-9337      -            718 2327at71240          -           1026   4.9e-06   24.0   0.2   3   3      0.33   1.5e+03   -4.1   0.0   947  1002   621   682   615   687 0.73 -
#
# Program:         hmmsearch
# Version:         3.3.2 (Nov 2020)
# Pipeline mode:   SEARCH
# Query file:      /scratch/srb67793/Pelargonium/busco_downloads/lineages/eudicots_odb10/hmms/2327at71240.hmm
# Target file:     /scratch/srb67793/Pelargonium/P_citronellum_omnic-hap1-busco/run_eudicots_odb10/metaeuk_output/initial_results/P_citronellum_OmniC.hic.bp.hap1.p_ctg.fa.modified.fas
# Option settings: hmmsearch --domtblout /scratch/srb67793/Pelargonium/P_citronellum_omnic-hap1-busco/run_eudicots_odb10/hmmer_output/initial_run_results/2327at71240.out --cpu 1 /scratch/srb67793/Pelargonium/busco_downloads/lineages/eudicots_odb10/hmms/2327at71240.hmm /scratch/srb67793/Pelargonium/P_citronellum_omnic-hap1-busco/run_eudicots_odb10/metaeuk_output/initial_results/P_citronellum_OmniC.hic.bp.hap1.p_ctg.fa.modified.fas 
# Current dir:     /scratch/srb67793/Pelargonium
# Date:            Tue Jul 16 10:01:53 2024
# [ok]
