#                                                                                   --- full sequence --- -------------- this domain -------------   hmm coord   ali coord   env coord
# target name               accession   tlen query name           accession   qlen   E-value  score  bias   #  of  c-Evalue  i-Evalue  score  bias  from    to  from    to  from    to  acc description of target
#       ------------------- ---------- ----- -------------------- ---------- ----- --------- ------ ----- --- --- --------- --------- ------ ----- ----- ----- ----- ----- ----- ----- ---- ---------------------
h2tg000767l:222638-218226   -            576 48628at71240         -            490  5.5e-302 1001.2   0.0   1   1  6.8e-305    1e-301 1000.3   0.0     1   490    54   576    54   576 0.97 -
h2tg001306l:73193-68615     -            570 48628at71240         -            490   2.5e-55  187.6   0.0   1   2   3.8e-14   5.7e-11   41.4   0.1     3    81    54   132    52   176 0.89 -
h2tg001306l:73193-68615     -            570 48628at71240         -            490   2.5e-55  187.6   0.0   2   2   2.7e-45     4e-42  144.1   0.0   187   476   231   542   209   557 0.83 -
h2tg000988l:28394-25160     -            479 48628at71240         -            490     8e-05   21.1   0.0   1   2   1.6e-07   0.00024   19.5   0.0     3    56     2    60     1    66 0.86 -
h2tg000988l:28394-25160     -            479 48628at71240         -            490     8e-05   21.1   0.0   2   2      0.42   6.4e+02   -1.7   0.0   341   364   351   374   348   387 0.84 -
h2tg000446l:65980-69022     -            747 48628at71240         -            490   0.00042   18.7   0.0   1   1   3.9e-07   0.00059   18.2   0.0     2    97   161   255   160   284 0.71 -
h2tg000940l:59051-61159     -            504 48628at71240         -            490    0.0025   16.2   0.0   1   2   1.1e-05     0.017   13.4   0.0     3    57    79   134    77   151 0.87 -
h2tg000940l:59051-61159     -            504 48628at71240         -            490    0.0025   16.2   0.0   2   2      0.11   1.7e+02    0.2   0.0   226   295   271   339   258   399 0.78 -
h2tg000120l:273320-271285   -            677 48628at71240         -            490    0.0029   16.0   0.0   1   1   2.8e-06    0.0042   15.4   0.0     4    97   201   293   199   334 0.71 -
h2tg000055l:332219-334771   -            705 48628at71240         -            490    0.0045   15.3   0.1   1   1   4.4e-06    0.0067   14.7   0.1     3    80   114   194   112   214 0.81 -
h2tg000787l:204544-201245   -            395 48628at71240         -            490       0.1   10.9   0.0   1   1   9.8e-05      0.15   10.3   0.0     3    42    10    50     8    78 0.81 -
h2tg000374l:1906118-1902831 -            395 48628at71240         -            490      0.11   10.8   0.0   1   1   0.00011      0.16   10.2   0.0     3    42    10    50     8    78 0.81 -
#
# Program:         hmmsearch
# Version:         3.3.2 (Nov 2020)
# Pipeline mode:   SEARCH
# Query file:      /scratch/srb67793/Pelargonium/busco_downloads/lineages/eudicots_odb10/hmms/48628at71240.hmm
# Target file:     /scratch/srb67793/Pelargonium/P_citronellum_omnic-hap1-busco/run_eudicots_odb10/metaeuk_output/initial_results/P_citronellum_OmniC.hic.bp.hap1.p_ctg.fa.modified.fas
# Option settings: hmmsearch --domtblout /scratch/srb67793/Pelargonium/P_citronellum_omnic-hap1-busco/run_eudicots_odb10/hmmer_output/initial_run_results/48628at71240.out --cpu 1 /scratch/srb67793/Pelargonium/busco_downloads/lineages/eudicots_odb10/hmms/48628at71240.hmm /scratch/srb67793/Pelargonium/P_citronellum_omnic-hap1-busco/run_eudicots_odb10/metaeuk_output/initial_results/P_citronellum_OmniC.hic.bp.hap1.p_ctg.fa.modified.fas 
# Current dir:     /scratch/srb67793/Pelargonium
# Date:            Tue Jul 16 10:01:50 2024
# [ok]
