#                                                                                   --- full sequence --- -------------- this domain -------------   hmm coord   ali coord   env coord
# target name               accession   tlen query name           accession   qlen   E-value  score  bias   #  of  c-Evalue  i-Evalue  score  bias  from    to  from    to  from    to  acc description of target
#       ------------------- ---------- ----- -------------------- ---------- ----- --------- ------ ----- --- --- --------- --------- ------ ----- ----- ----- ----- ----- ----- ----- ---- ---------------------
h2tg000654l:166227-159591   -            510 53606at71240         -            406  1.3e-231  768.3  25.6   1   1  9.9e-235  1.7e-231  767.9  25.6     5   406    92   506    89   506 0.97 -
h2tg000998l:84514-82753     -            205 53606at71240         -            406   1.1e-61  208.7  18.1   1   1   7.2e-65   1.2e-61  208.6  18.1    34   239     1   204     1   205 0.97 -
h2tg000311l:134090-132554   -            205 53606at71240         -            406   7.3e-61  206.0  17.5   1   1   4.8e-64   8.2e-61  205.8  17.5    34   239     1   204     1   205 0.96 -
h2tg000266l:152811-154100   -            430 53606at71240         -            406   4.5e-60  203.4  17.7   1   2   2.2e-33   3.7e-30  104.9   6.0    21   187     7   173     1   181 0.93 -
h2tg000266l:152811-154100   -            430 53606at71240         -            406   4.5e-60  203.4  17.7   2   2   2.9e-33   4.9e-30  104.5   3.8   200   396   220   418   204   428 0.86 -
h2tg001300l:28131-26842     -            430 53606at71240         -            406   5.2e-60  203.2  17.9   1   2   1.4e-33   2.3e-30  105.6   5.9    21   187     7   173     1   181 0.93 -
h2tg001300l:28131-26842     -            430 53606at71240         -            406   5.2e-60  203.2  17.9   2   2   5.5e-33   9.3e-30  103.6   4.1   200   396   220   418   204   426 0.87 -
h2tg000981l:97067-95690     -            207 53606at71240         -            406   3.2e-31  108.4   5.7   1   1   2.3e-34   3.9e-31  108.1   5.7    12   128    85   203    80   207 0.93 -
h2tg000542l:229505-239196   -            460 53606at71240         -            406   0.00028   19.7   8.2   1   2   1.6e-07   0.00028   19.7   8.2    44   172    47   177    19   201 0.81 -
h2tg000542l:229505-239196   -            460 53606at71240         -            406   0.00028   19.7   8.2   2   2      0.19   3.2e+02   -0.3   7.6   111   202   362   452   295   457 0.69 -
h2tg000039l:2655159-2652771 -            418 53606at71240         -            406   0.00077   18.2   3.5   1   2   4.5e-07   0.00077   18.2   3.5    42   181    29   175    24   190 0.84 -
h2tg000039l:2655159-2652771 -            418 53606at71240         -            406   0.00077   18.2   3.5   2   2      0.34   5.8e+02   -1.1   1.7   102   173   316   390   248   409 0.68 -
#
# Program:         hmmsearch
# Version:         3.3.2 (Nov 2020)
# Pipeline mode:   SEARCH
# Query file:      /scratch/srb67793/Pelargonium/busco_downloads/lineages/eudicots_odb10/hmms/53606at71240.hmm
# Target file:     /scratch/srb67793/Pelargonium/P_citronellum_omnic-hap1-busco/run_eudicots_odb10/metaeuk_output/initial_results/P_citronellum_OmniC.hic.bp.hap1.p_ctg.fa.modified.fas
# Option settings: hmmsearch --domtblout /scratch/srb67793/Pelargonium/P_citronellum_omnic-hap1-busco/run_eudicots_odb10/hmmer_output/initial_run_results/53606at71240.out --cpu 1 /scratch/srb67793/Pelargonium/busco_downloads/lineages/eudicots_odb10/hmms/53606at71240.hmm /scratch/srb67793/Pelargonium/P_citronellum_omnic-hap1-busco/run_eudicots_odb10/metaeuk_output/initial_results/P_citronellum_OmniC.hic.bp.hap1.p_ctg.fa.modified.fas 
# Current dir:     /scratch/srb67793/Pelargonium
# Date:            Tue Jul 16 10:01:40 2024
# [ok]
