#                                                                                   --- full sequence --- -------------- this domain -------------   hmm coord   ali coord   env coord
# target name               accession   tlen query name           accession   qlen   E-value  score  bias   #  of  c-Evalue  i-Evalue  score  bias  from    to  from    to  from    to  acc description of target
#       ------------------- ---------- ----- -------------------- ---------- ----- --------- ------ ----- --- --- --------- --------- ------ ----- ----- ----- ----- ----- ----- ----- ---- ---------------------
h2tg000138l:2240706-2236778 -            553 57437at71240         -            393  1.9e-144  481.0   7.2   1   4     0.016        35    2.7   0.1    16    29     1    14     1    35 0.87 -
h2tg000138l:2240706-2236778 -            553 57437at71240         -            393  1.9e-144  481.0   7.2   2   4  2.7e-144  6.1e-141  469.5   0.2     5   338    19   344    15   358 0.93 -
h2tg000138l:2240706-2236778 -            553 57437at71240         -            393  1.9e-144  481.0   7.2   3   4   0.00082       1.9    6.9   0.1   344   363   426   445   375   458 0.80 -
h2tg000138l:2240706-2236778 -            553 57437at71240         -            393  1.9e-144  481.0   7.2   4   4     0.052   1.2e+02    1.0   0.1   373   393   533   553   513   553 0.74 -
h2tg000454l:517800-524079   -            644 57437at71240         -            393    1e-104  350.2   0.0   1   1    6e-108  1.4e-104  349.8   0.0     1   338     1   337     1   360 0.92 -
h2tg000188l:73818-64170     -           1548 57437at71240         -            393   1.3e-13   50.2   0.1   1   2   6.9e-05      0.16   10.5   0.0    56   105    68   117     1   148 0.76 -
h2tg000188l:73818-64170     -           1548 57437at71240         -            393   1.3e-13   50.2   0.1   2   2   4.4e-13     1e-09   37.5   0.0   121   251   872   998   848  1005 0.88 -
h2tg000036l:3609530-3614277 -            597 57437at71240         -            393   3.9e-06   25.6   0.0   1   1   8.1e-09   1.8e-05   23.4   0.0     8   265     9   250     1   254 0.74 -
h2tg000393l:641153-646418   -            591 57437at71240         -            393   0.00064   18.4   0.4   1   1   1.3e-06    0.0029   16.2   0.4     1   247     1   233     1   266 0.76 -
h2tg000308l:192482-202874   -            361 57437at71240         -            393     0.015   13.8   0.0   1   1   9.7e-06     0.022   13.3   0.0   139   275   152   291   140   300 0.86 -
#
# Program:         hmmsearch
# Version:         3.3.2 (Nov 2020)
# Pipeline mode:   SEARCH
# Query file:      /scratch/srb67793/Pelargonium/busco_downloads/lineages/eudicots_odb10/hmms/57437at71240.hmm
# Target file:     /scratch/srb67793/Pelargonium/P_citronellum_omnic-hap1-busco/run_eudicots_odb10/metaeuk_output/initial_results/P_citronellum_OmniC.hic.bp.hap1.p_ctg.fa.modified.fas
# Option settings: hmmsearch --domtblout /scratch/srb67793/Pelargonium/P_citronellum_omnic-hap1-busco/run_eudicots_odb10/hmmer_output/initial_run_results/57437at71240.out --cpu 1 /scratch/srb67793/Pelargonium/busco_downloads/lineages/eudicots_odb10/hmms/57437at71240.hmm /scratch/srb67793/Pelargonium/P_citronellum_omnic-hap1-busco/run_eudicots_odb10/metaeuk_output/initial_results/P_citronellum_OmniC.hic.bp.hap1.p_ctg.fa.modified.fas 
# Current dir:     /scratch/srb67793/Pelargonium
# Date:            Tue Jul 16 10:01:44 2024
# [ok]
