#                                                                                 --- full sequence --- -------------- this domain -------------   hmm coord   ali coord   env coord
# target name             accession   tlen query name           accession   qlen   E-value  score  bias   #  of  c-Evalue  i-Evalue  score  bias  from    to  from    to  from    to  acc description of target
#     ------------------- ---------- ----- -------------------- ---------- ----- --------- ------ ----- --- --- --------- --------- ------ ----- ----- ----- ----- ----- ----- ----- ---- ---------------------
h2tg000073l:156361-142623 -            737 83991at71240         -            378  7.8e-170  564.5   5.9   1   2  1.4e-153  3.1e-150  500.0   2.0     1   275   374   663   374   666 0.93 -
h2tg000073l:156361-142623 -            737 83991at71240         -            378  7.8e-170  564.5   5.9   2   2   4.6e-21     1e-17   63.8   0.1   319   378   665   736   661   736 0.89 -
h2tg000135l:915343-924796 -            428 83991at71240         -            378   5.5e-41  140.5   1.4   1   1   3.3e-44   7.6e-41  140.0   1.4    35   367    61   407    46   410 0.83 -
h2tg000160l:148324-143938 -            514 83991at71240         -            378   4.3e-40  137.5   3.0   1   2   9.4e-41   2.1e-37  128.6   0.4    33   282   111   355    98   374 0.91 -
h2tg000160l:148324-143938 -            514 83991at71240         -            378   4.3e-40  137.5   3.0   2   2   0.00022      0.51    8.9   0.1   298   342   408   458   395   467 0.81 -
h2tg000681l:50679-55202   -            507 83991at71240         -            378   9.8e-37  126.5   0.0   1   1   7.8e-40   1.8e-36  125.6   0.0    32   337   119   434   108   446 0.84 -
h2tg000041l:242524-247322 -            575 83991at71240         -            378   1.1e-34  119.7   0.5   1   1   7.6e-38   1.7e-34  119.1   0.5    28   284   147   395   124   420 0.89 -
h2tg000088l:892689-897291 -            547 83991at71240         -            378   1.5e-23   83.1   3.0   1   3   1.3e-24   2.9e-21   75.5   0.6    44   214   123   288   107   296 0.87 -
h2tg000088l:892689-897291 -            547 83991at71240         -            378   1.5e-23   83.1   3.0   2   3   0.00078       1.8    7.1   0.0   207   284   315   392   301   398 0.88 -
h2tg000088l:892689-897291 -            547 83991at71240         -            378   1.5e-23   83.1   3.0   3   3      0.92   2.1e+03   -3.0   0.0   314   350   449   483   446   500 0.72 -
#
# Program:         hmmsearch
# Version:         3.3.2 (Nov 2020)
# Pipeline mode:   SEARCH
# Query file:      /scratch/srb67793/Pelargonium/busco_downloads/lineages/eudicots_odb10/hmms/83991at71240.hmm
# Target file:     /scratch/srb67793/Pelargonium/P_citronellum_omnic-hap1-busco/run_eudicots_odb10/metaeuk_output/initial_results/P_citronellum_OmniC.hic.bp.hap1.p_ctg.fa.modified.fas
# Option settings: hmmsearch --domtblout /scratch/srb67793/Pelargonium/P_citronellum_omnic-hap1-busco/run_eudicots_odb10/hmmer_output/initial_run_results/83991at71240.out --cpu 1 /scratch/srb67793/Pelargonium/busco_downloads/lineages/eudicots_odb10/hmms/83991at71240.hmm /scratch/srb67793/Pelargonium/P_citronellum_omnic-hap1-busco/run_eudicots_odb10/metaeuk_output/initial_results/P_citronellum_OmniC.hic.bp.hap1.p_ctg.fa.modified.fas 
# Current dir:     /scratch/srb67793/Pelargonium
# Date:            Tue Jul 16 10:02:12 2024
# [ok]
