#                                                                                    --- full sequence --- -------------- this domain -------------   hmm coord   ali coord   env coord
# target name                accession   tlen query name           accession   qlen   E-value  score  bias   #  of  c-Evalue  i-Evalue  score  bias  from    to  from    to  from    to  acc description of target
#        ------------------- ---------- ----- -------------------- ---------- ----- --------- ------ ----- --- --- --------- --------- ------ ----- ----- ----- ----- ----- ----- ----- ---- ---------------------
Pcitr_chr2:12628293-12632307 -            384 108038at71240        -            258    3e-123  409.6  16.3   1   4    0.0011       2.6    6.7   0.1     2    13    18    29    17    36 0.83 -
Pcitr_chr2:12628293-12632307 -            384 108038at71240        -            258    3e-123  409.6  16.3   2   4   6.5e-70   1.6e-66  223.7   0.0    12   128    58   179    51   199 0.86 -
Pcitr_chr2:12628293-12632307 -            384 108038at71240        -            258    3e-123  409.6  16.3   3   4   1.3e-51   3.2e-48  163.7   2.3   122   241   222   347   217   354 0.90 -
Pcitr_chr2:12628293-12632307 -            384 108038at71240        -            258    3e-123  409.6  16.3   4   4     8e-09   1.9e-05   23.5   0.9   232   258   354   380   348   380 0.89 -
Pcitr_chr6:33346972-33335601 -            936 108038at71240        -            258   2.5e-11   42.8   3.3   1   5     0.001       2.6    6.7   0.1    17    98   100   182    92   186 0.89 -
Pcitr_chr6:33346972-33335601 -            936 108038at71240        -            258   2.5e-11   42.8   3.3   2   5   0.00067       1.6    7.4   0.0    40   106   209   276   198   330 0.78 -
Pcitr_chr6:33346972-33335601 -            936 108038at71240        -            258   2.5e-11   42.8   3.3   3   5      0.32   7.9e+02   -1.4   0.0    77    95   440   458   383   469 0.70 -
Pcitr_chr6:33346972-33335601 -            936 108038at71240        -            258   2.5e-11   42.8   3.3   4   5       1.8   4.4e+03   -3.8   0.0    74    87   597   610   591   612 0.81 -
Pcitr_chr6:33346972-33335601 -            936 108038at71240        -            258   2.5e-11   42.8   3.3   5   5   1.5e-09   3.6e-06   25.9   0.1    21   100   636   715   629   758 0.90 -
Pcitr_chr5:18385966-18392369 -            510 108038at71240        -            258   0.00058   18.7   0.0   1   1   4.6e-07    0.0011   17.8   0.0    17   103     4    95     2    99 0.86 -
Pcitr_chr1:33037374-33024680 -           1173 108038at71240        -            258    0.0039   16.0   0.5   1   2   7.4e-06     0.018   13.8   0.0     5   100   649   751   644   771 0.71 -
Pcitr_chr1:33037374-33024680 -           1173 108038at71240        -            258    0.0039   16.0   0.5   2   2      0.18   4.4e+02   -0.6   0.1    77   115   897   935   874   982 0.78 -
#
# Program:         hmmsearch
# Version:         3.3.2 (Nov 2020)
# Pipeline mode:   SEARCH
# Query file:      /scratch/srb67793/Pelargonium/busco_downloads/lineages/eudicots_odb10/hmms/108038at71240.hmm
# Target file:     /scratch/srb67793/Pelargonium/Pelargonium-PreviousAssembly-busco/run_eudicots_odb10/metaeuk_output/initial_results/Pcitr_Genome-final.fasta.modified.fas
# Option settings: hmmsearch --domtblout /scratch/srb67793/Pelargonium/Pelargonium-PreviousAssembly-busco/run_eudicots_odb10/hmmer_output/initial_run_results/108038at71240.out --cpu 1 /scratch/srb67793/Pelargonium/busco_downloads/lineages/eudicots_odb10/hmms/108038at71240.hmm /scratch/srb67793/Pelargonium/Pelargonium-PreviousAssembly-busco/run_eudicots_odb10/metaeuk_output/initial_results/Pcitr_Genome-final.fasta.modified.fas 
# Current dir:     /scratch/srb67793/Pelargonium
# Date:            Tue Jul  9 10:56:26 2024
# [ok]
