#                                                                                     --- full sequence --- -------------- this domain -------------   hmm coord   ali coord   env coord
# target name                 accession   tlen query name           accession   qlen   E-value  score  bias   #  of  c-Evalue  i-Evalue  score  bias  from    to  from    to  from    to  acc description of target
#         ------------------- ---------- ----- -------------------- ---------- ----- --------- ------ ----- --- --- --------- --------- ------ ----- ----- ----- ----- ----- ----- ----- ---- ---------------------
Pcitr_chr6:2802790-2805690    -            391 131540at71240        -            313  1.5e-146  486.5 111.1   1   3  6.6e-130  1.3e-126  421.0   5.7     1   211     1   217     1   218 0.94 -
Pcitr_chr6:2802790-2805690    -            391 131540at71240        -            313  1.5e-146  486.5 111.1   2   3   1.1e-11   2.1e-08   32.8  35.2   180   240   205   264   198   266 0.79 -
Pcitr_chr6:2802790-2805690    -            391 131540at71240        -            313  1.5e-146  486.5 111.1   3   3   1.3e-11   2.5e-08   32.5  70.8   199   312   255   391   251   391 0.54 -
Pcitr_chr10:31581682-31586581 -            422 131540at71240        -            313   2.8e-10   38.9  85.0   1   3   5.3e-13     1e-09   37.1   0.1    17   164    10   157     3   173 0.89 -
Pcitr_chr10:31581682-31586581 -            422 131540at71240        -            313   2.8e-10   38.9  85.0   2   3      0.18   3.5e+02   -0.8  31.5   199   246   239   286   230   288 0.51 -
Pcitr_chr10:31581682-31586581 -            422 131540at71240        -            313   2.8e-10   38.9  85.0   3   3   0.00012      0.23    9.6  51.8   195   293   277   375   276   392 0.74 -
Pcitr_chr1:54141423-54132956  -            907 131540at71240        -            313     0.021   13.0  30.0   1   1   2.2e-05     0.044   12.0  30.0   197   285   333   420   319   428 0.53 -
Pcitr_chr5:35791459-35788039  -            342 131540at71240        -            313       3.4    5.8  57.8   1   2     0.048        93    1.1  27.2   191   246    94   149    81   154 0.67 -
Pcitr_chr5:35791459-35788039  -            342 131540at71240        -            313       3.4    5.8  57.8   2   2   0.00014      0.27    9.4  25.5   200   307   149   253   144   259 0.73 -
Pcitr_chr5:30821989-30817921  -            381 131540at71240        -            313       4.2    5.5  19.7   1   1    0.0031       6.1    4.9  19.7   182   243   108   163    94   197 0.55 -
#
# Program:         hmmsearch
# Version:         3.3.2 (Nov 2020)
# Pipeline mode:   SEARCH
# Query file:      /scratch/srb67793/Pelargonium/busco_downloads/lineages/eudicots_odb10/hmms/131540at71240.hmm
# Target file:     /scratch/srb67793/Pelargonium/Pelargonium-PreviousAssembly-busco/run_eudicots_odb10/metaeuk_output/initial_results/Pcitr_Genome-final.fasta.modified.fas
# Option settings: hmmsearch --domtblout /scratch/srb67793/Pelargonium/Pelargonium-PreviousAssembly-busco/run_eudicots_odb10/hmmer_output/initial_run_results/131540at71240.out --cpu 1 /scratch/srb67793/Pelargonium/busco_downloads/lineages/eudicots_odb10/hmms/131540at71240.hmm /scratch/srb67793/Pelargonium/Pelargonium-PreviousAssembly-busco/run_eudicots_odb10/metaeuk_output/initial_results/Pcitr_Genome-final.fasta.modified.fas 
# Current dir:     /scratch/srb67793/Pelargonium
# Date:            Tue Jul  9 10:56:32 2024
# [ok]
