#                                                                                    --- full sequence --- -------------- this domain -------------   hmm coord   ali coord   env coord
# target name                accession   tlen query name           accession   qlen   E-value  score  bias   #  of  c-Evalue  i-Evalue  score  bias  from    to  from    to  from    to  acc description of target
#        ------------------- ---------- ----- -------------------- ---------- ----- --------- ------ ----- --- --- --------- --------- ------ ----- ----- ----- ----- ----- ----- ----- ---- ---------------------
Pcitr_chr6:3491381-3492338   -            217 134935at71240        -            187  5.3e-108  358.0   2.4   1   1  3.3e-111  6.5e-108  357.7   2.4     8   187    38   217    30   217 0.98 -
Pcitr_chr9:18158627-18157296 -            285 134935at71240        -            187   4.2e-09   35.5   0.1   1   3    0.0015       2.9    6.7   0.0    11    28   101   118    96   138 0.89 -
Pcitr_chr9:18158627-18157296 -            285 134935at71240        -            187   4.2e-09   35.5   0.1   2   3     0.041        79    2.0   0.0    48    81   169   200   164   237 0.72 -
Pcitr_chr9:18158627-18157296 -            285 134935at71240        -            187   4.2e-09   35.5   0.1   3   3   1.1e-08   2.1e-05   23.4   0.0   135   183   234   282   230   285 0.93 -
Pcitr_chr3:21731877-21734062 -            241 134935at71240        -            187   2.6e-06   26.4   0.0   1   3   1.5e-05     0.029   13.2   0.0     8    74    91   157    84   164 0.77 -
Pcitr_chr3:21731877-21734062 -            241 134935at71240        -            187   2.6e-06   26.4   0.0   2   3      0.22   4.4e+02   -0.4   0.0   107   120   179   192   166   200 0.75 -
Pcitr_chr3:21731877-21734062 -            241 134935at71240        -            187   2.6e-06   26.4   0.0   3   3   0.00013      0.25   10.2   0.0   140   184   195   239   186   241 0.93 -
Pcitr_chr3:21719636-21720706 -            247 134935at71240        -            187   1.8e-05   23.6   0.7   1   3   7.3e-08   0.00014   20.7   0.1     6    76    39   106    35   117 0.88 -
Pcitr_chr3:21719636-21720706 -            247 134935at71240        -            187   1.8e-05   23.6   0.7   2   3       0.4   7.7e+02   -1.2   0.0   106   121   183   198   170   209 0.82 -
Pcitr_chr3:21719636-21720706 -            247 134935at71240        -            187   1.8e-05   23.6   0.7   3   3      0.19   3.7e+02   -0.2   0.0   147   185   207   245   192   247 0.78 -
Pcitr_chr8:30102605-30104813 -            255 134935at71240        -            187     0.028   13.3   0.0   1   2   8.4e-05      0.16   10.7   0.0     8    79    96   164    89   204 0.74 -
Pcitr_chr8:30102605-30104813 -            255 134935at71240        -            187     0.028   13.3   0.0   2   2     0.059   1.1e+02    1.5   0.0    62    96   173   209   154   226 0.78 -
#
# Program:         hmmsearch
# Version:         3.3.2 (Nov 2020)
# Pipeline mode:   SEARCH
# Query file:      /scratch/srb67793/Pelargonium/busco_downloads/lineages/eudicots_odb10/hmms/134935at71240.hmm
# Target file:     /scratch/srb67793/Pelargonium/Pelargonium-PreviousAssembly-busco/run_eudicots_odb10/metaeuk_output/initial_results/Pcitr_Genome-final.fasta.modified.fas
# Option settings: hmmsearch --domtblout /scratch/srb67793/Pelargonium/Pelargonium-PreviousAssembly-busco/run_eudicots_odb10/hmmer_output/initial_run_results/134935at71240.out --cpu 1 /scratch/srb67793/Pelargonium/busco_downloads/lineages/eudicots_odb10/hmms/134935at71240.hmm /scratch/srb67793/Pelargonium/Pelargonium-PreviousAssembly-busco/run_eudicots_odb10/metaeuk_output/initial_results/Pcitr_Genome-final.fasta.modified.fas 
# Current dir:     /scratch/srb67793/Pelargonium
# Date:            Tue Jul  9 10:56:25 2024
# [ok]
