#                                                                                      --- full sequence --- -------------- this domain -------------   hmm coord   ali coord   env coord
# target name                  accession   tlen query name           accession   qlen   E-value  score  bias   #  of  c-Evalue  i-Evalue  score  bias  from    to  from    to  from    to  acc description of target
#          ------------------- ---------- ----- -------------------- ---------- ----- --------- ------ ----- --- --- --------- --------- ------ ----- ----- ----- ----- ----- ----- ----- ---- ---------------------
Pcitr_chr5:2856179-2858384     -            244 139689at71240        -            196    2e-103  343.4   2.0   1   2     4e-72   4.4e-69  231.3   0.0     1   138     1   153     1   176 0.88 -
Pcitr_chr5:2856179-2858384     -            244 139689at71240        -            196    2e-103  343.4   2.0   2   2   1.8e-35   1.9e-32  111.7   0.5   132   196   179   243   173   243 0.98 -
Pcitr_chr11:17647443-17655523  -            624 139689at71240        -            196   0.00063   18.7   0.0   1   1   1.2e-06    0.0013   17.7   0.0    49   117   469   546   462   563 0.80 -
Pcitr_Contig24:4361288-4355481 -            243 139689at71240        -            196   0.00086   18.2   0.0   1   1   1.5e-06    0.0016   17.4   0.0    40    92    50   102    37   121 0.85 -
Pcitr_chr9:31704081-31708406   -            384 139689at71240        -            196    0.0025   16.7   0.0   1   1   3.6e-06    0.0039   16.1   0.0    52    92   223   264   200   305 0.84 -
Pcitr_chr1:51065726-51065166   -            187 139689at71240        -            196    0.0027   16.6   0.0   1   1   4.1e-06    0.0045   15.9   0.0    47    86    23    63    10    78 0.85 -
Pcitr_chr8:21951395-21947223   -            276 139689at71240        -            196     0.006   15.5   0.0   1   1     9e-06    0.0097   14.8   0.0    51    92    94   135    76   156 0.81 -
Pcitr_chr6:11037354-11041386   -            570 139689at71240        -            196     0.031   13.2   0.2   1   1   6.9e-05     0.075   11.9   0.2    49    88   246   286   241   298 0.79 -
Pcitr_chr3:2817785-2824148     -            540 139689at71240        -            196     0.038   12.9   0.0   1   1   5.9e-05     0.064   12.1   0.0    48   107   387   448   364   488 0.87 -
Pcitr_chr1:30238983-30240280   -            312 139689at71240        -            196     0.047   12.5   0.1   1   1   7.8e-05     0.085   11.7   0.1    43   107   141   202   115   214 0.77 -
#
# Program:         hmmsearch
# Version:         3.3.2 (Nov 2020)
# Pipeline mode:   SEARCH
# Query file:      /scratch/srb67793/Pelargonium/busco_downloads/lineages/eudicots_odb10/hmms/139689at71240.hmm
# Target file:     /scratch/srb67793/Pelargonium/Pelargonium-PreviousAssembly-busco/run_eudicots_odb10/metaeuk_output/initial_results/Pcitr_Genome-final.fasta.modified.fas
# Option settings: hmmsearch --domtblout /scratch/srb67793/Pelargonium/Pelargonium-PreviousAssembly-busco/run_eudicots_odb10/hmmer_output/initial_run_results/139689at71240.out --cpu 1 /scratch/srb67793/Pelargonium/busco_downloads/lineages/eudicots_odb10/hmms/139689at71240.hmm /scratch/srb67793/Pelargonium/Pelargonium-PreviousAssembly-busco/run_eudicots_odb10/metaeuk_output/initial_results/Pcitr_Genome-final.fasta.modified.fas 
# Current dir:     /scratch/srb67793/Pelargonium
# Date:            Tue Jul  9 10:56:32 2024
# [ok]
