#                                                                                     --- full sequence --- -------------- this domain -------------   hmm coord   ali coord   env coord
# target name                 accession   tlen query name           accession   qlen   E-value  score  bias   #  of  c-Evalue  i-Evalue  score  bias  from    to  from    to  from    to  acc description of target
#         ------------------- ---------- ----- -------------------- ---------- ----- --------- ------ ----- --- --- --------- --------- ------ ----- ----- ----- ----- ----- ----- ----- ---- ---------------------
Pcitr_chr6:6248720-6249412    -            231 140346at71240        -            187   3.1e-93  309.8   0.2   1   1   6.8e-96   7.4e-93  308.6   0.2     1   187     1   224     1   224 0.93 -
Pcitr_chr10:29639768-29637856 -            308 140346at71240        -            187   3.2e-29  101.1   0.1   1   2   1.8e-18     2e-15   56.2   0.0     9    98    10   110     3   118 0.77 -
Pcitr_chr10:29639768-29637856 -            308 140346at71240        -            187   3.2e-29  101.1   0.1   2   2   1.9e-14     2e-11   43.1   0.0   102   185   132   221   120   223 0.88 -
Pcitr_chr2:7106711-7109305    -            305 140346at71240        -            187   7.7e-29   99.9   0.1   1   1   4.4e-30   4.8e-27   94.1   0.1    14   185    19   221     4   223 0.76 -
Pcitr_chr9:7923752-7924198    -            149 140346at71240        -            187     1e-09   37.5   0.2   1   1   3.4e-12   3.7e-09   35.7   0.2    54   137    48   146    38   148 0.76 -
Pcitr_chr1:13666267-13676669  -            326 140346at71240        -            187   1.8e-06   27.0   0.4   1   2   1.5e-06    0.0016   17.3   0.1    24    93    93   166    78   183 0.76 -
Pcitr_chr1:13666267-13676669  -            326 140346at71240        -            187   1.8e-06   27.0   0.4   2   2    0.0013       1.4    7.7   0.0   113   147   216   252   205   268 0.83 -
Pcitr_chr2:23699762-23696788  -            233 140346at71240        -            187   2.1e-05   23.5   0.0   1   1   2.7e-08     3e-05   23.0   0.0     8   138    37   177    30   196 0.71 -
Pcitr_chr1:51065726-51065166  -            187 140346at71240        -            187   2.9e-05   23.0   0.2   1   1   8.7e-08   9.4e-05   21.4   0.2    49   139    23   131     1   141 0.68 -
Pcitr_chr10:24240611-24243740 -            241 140346at71240        -            187   0.00012   21.0   0.0   1   1   1.6e-07   0.00017   20.5   0.0    50   136    74   168    43   172 0.74 -
Pcitr_chr9:16940454-16945032  -            214 140346at71240        -            187    0.0027   16.6   0.0   1   1   3.7e-06     0.004   16.0   0.0    24   137    31   150    15   175 0.63 -
#
# Program:         hmmsearch
# Version:         3.3.2 (Nov 2020)
# Pipeline mode:   SEARCH
# Query file:      /scratch/srb67793/Pelargonium/busco_downloads/lineages/eudicots_odb10/hmms/140346at71240.hmm
# Target file:     /scratch/srb67793/Pelargonium/Pelargonium-PreviousAssembly-busco/run_eudicots_odb10/metaeuk_output/initial_results/Pcitr_Genome-final.fasta.modified.fas
# Option settings: hmmsearch --domtblout /scratch/srb67793/Pelargonium/Pelargonium-PreviousAssembly-busco/run_eudicots_odb10/hmmer_output/initial_run_results/140346at71240.out --cpu 1 /scratch/srb67793/Pelargonium/busco_downloads/lineages/eudicots_odb10/hmms/140346at71240.hmm /scratch/srb67793/Pelargonium/Pelargonium-PreviousAssembly-busco/run_eudicots_odb10/metaeuk_output/initial_results/Pcitr_Genome-final.fasta.modified.fas 
# Current dir:     /scratch/srb67793/Pelargonium
# Date:            Tue Jul  9 10:56:33 2024
# [ok]
