#                                                                                     --- full sequence --- -------------- this domain -------------   hmm coord   ali coord   env coord
# target name                 accession   tlen query name           accession   qlen   E-value  score  bias   #  of  c-Evalue  i-Evalue  score  bias  from    to  from    to  from    to  acc description of target
#         ------------------- ---------- ----- -------------------- ---------- ----- --------- ------ ----- --- --- --------- --------- ------ ----- ----- ----- ----- ----- ----- ----- ---- ---------------------
Pcitr_chr10:16093042-16090283 -            164 144645at71240        -            183   2.1e-89  296.8   0.1   1   1   1.7e-92   2.4e-89  296.7   0.1    19   182     1   164     1   164 0.97 -
Pcitr_chr10:13683607-13679347 -            355 144645at71240        -            183   2.7e-10   39.0   0.2   1   2   4.8e-08   6.6e-05   21.4   0.0    29   182    41   203    16   204 0.72 -
Pcitr_chr10:13683607-13679347 -            355 144645at71240        -            183   2.7e-10   39.0   0.2   2   2   3.9e-06    0.0054   15.2   0.1   114   182   287   355   238   355 0.88 -
Pcitr_chr6:1701938-1700424    -            179 144645at71240        -            183   3.7e-07   28.8   0.0   1   1   3.5e-10   4.9e-07   28.4   0.0    59   182    41   175    15   176 0.80 -
Pcitr_chr11:4922727-4909313   -            532 144645at71240        -            183   3.4e-05   22.4   0.0   1   2   1.2e-06    0.0017   16.9   0.0    12    69    34    93    26   100 0.84 -
Pcitr_chr11:4922727-4909313   -            532 144645at71240        -            183   3.4e-05   22.4   0.0   2   2     0.022        31    3.0   0.0   149   172   160   183   137   195 0.74 -
Pcitr_chr6:7974-9423          -            207 144645at71240        -            183    0.0011   17.4   0.3   1   2    0.0024       3.4    6.1   0.0    59   138    41   122    14   169 0.75 -
Pcitr_chr6:7974-9423          -            207 144645at71240        -            183    0.0011   17.4   0.3   2   2   0.00018      0.25    9.8   0.0   160   182   182   204   175   205 0.90 -
Pcitr_chr4:18798139-18796978  -            205 144645at71240        -            183    0.0018   16.8   0.0   1   2    0.0057       7.9    4.9   0.0    20    79    15    78     6   158 0.59 -
Pcitr_chr4:18798139-18796978  -            205 144645at71240        -            183    0.0018   16.8   0.0   2   2   0.00027      0.38    9.2   0.0   158   180   181   203   175   205 0.91 -
Pcitr_chr8:6715667-6722606    -            227 144645at71240        -            183    0.0035   15.8   0.0   1   2   1.2e-05     0.016   13.7   0.0    17   116    12   116     5   150 0.79 -
Pcitr_chr8:6715667-6722606    -            227 144645at71240        -            183    0.0035   15.8   0.0   2   2      0.22   3.1e+02   -0.3   0.0   160   182   199   222   189   223 0.81 -
#
# Program:         hmmsearch
# Version:         3.3.2 (Nov 2020)
# Pipeline mode:   SEARCH
# Query file:      /scratch/srb67793/Pelargonium/busco_downloads/lineages/eudicots_odb10/hmms/144645at71240.hmm
# Target file:     /scratch/srb67793/Pelargonium/Pelargonium-PreviousAssembly-busco/run_eudicots_odb10/metaeuk_output/initial_results/Pcitr_Genome-final.fasta.modified.fas
# Option settings: hmmsearch --domtblout /scratch/srb67793/Pelargonium/Pelargonium-PreviousAssembly-busco/run_eudicots_odb10/hmmer_output/initial_run_results/144645at71240.out --cpu 1 /scratch/srb67793/Pelargonium/busco_downloads/lineages/eudicots_odb10/hmms/144645at71240.hmm /scratch/srb67793/Pelargonium/Pelargonium-PreviousAssembly-busco/run_eudicots_odb10/metaeuk_output/initial_results/Pcitr_Genome-final.fasta.modified.fas 
# Current dir:     /scratch/srb67793/Pelargonium
# Date:            Tue Jul  9 10:56:43 2024
# [ok]
