#                                                                                     --- full sequence --- -------------- this domain -------------   hmm coord   ali coord   env coord
# target name                 accession   tlen query name           accession   qlen   E-value  score  bias   #  of  c-Evalue  i-Evalue  score  bias  from    to  from    to  from    to  acc description of target
#         ------------------- ---------- ----- -------------------- ---------- ----- --------- ------ ----- --- --- --------- --------- ------ ----- ----- ----- ----- ----- ----- ----- ---- ---------------------
Pcitr_chr8:24281971-24279101  -            188 161355at71240        -            160   9.3e-74  245.7   7.2   1   1     3e-75   2.5e-72  241.0   7.2     1   160     5   184     5   184 0.90 -
Pcitr_chr4:41871720-41873107  -            354 161355at71240        -            160   5.2e-10   38.5   0.0   1   1   1.5e-12   1.2e-09   37.3   0.0     1   159   197   350   197   351 0.80 -
Pcitr_chr10:19323890-19322649 -            353 161355at71240        -            160   5.3e-10   38.4   0.0   1   1   1.4e-12   1.1e-09   37.4   0.0     2   160   196   349   195   349 0.78 -
Pcitr_chr10:21035090-21037045 -            366 161355at71240        -            160   8.2e-10   37.8   0.0   1   1   2.1e-12   1.7e-09   36.8   0.0     1   157   215   366   215   366 0.78 -
Pcitr_chr2:15610945-15609720  -            355 161355at71240        -            160   1.7e-09   36.8   0.0   1   1   4.5e-12   3.7e-09   35.7   0.0     2   160   199   352   198   352 0.78 -
Pcitr_chr3:1949078-1950648    -            354 161355at71240        -            160   1.9e-09   36.6   0.0   1   1     5e-12   4.1e-09   35.6   0.0     2   159   197   349   196   350 0.78 -
Pcitr_chr10:19326838-19328613 -            355 161355at71240        -            160   2.3e-08   33.1   0.0   1   1     6e-11   4.9e-08   32.1   0.0     2   160   198   351   197   351 0.77 -
Pcitr_chr2:15614200-15620769  -            335 161355at71240        -            160   8.5e-06   24.8   0.0   1   1   2.4e-08     2e-05   23.6   0.0     2   135   196   324   195   334 0.73 -
Pcitr_chr2:13262338-13265225  -            408 161355at71240        -            160   9.1e-05   21.4   0.0   1   1   3.3e-07   0.00026   19.9   0.0    17   122   245   344   231   360 0.81 -
Pcitr_chr8:30760422-30763118  -            392 161355at71240        -            160   0.00016   20.7   0.0   1   1     6e-07   0.00048   19.1   0.0    14   123   223   326   212   365 0.76 -
Pcitr_chr10:16506219-16504255 -            401 161355at71240        -            160   0.00021   20.2   0.0   1   1   7.9e-07   0.00064   18.7   0.0    17   122   221   320   209   336 0.81 -
Pcitr_chr6:4009247-4011428    -            254 161355at71240        -            160    0.0072   15.3   0.0   1   1   2.4e-05      0.02   13.9   0.0    25   120   149   237   134   252 0.72 -
#
# Program:         hmmsearch
# Version:         3.3.2 (Nov 2020)
# Pipeline mode:   SEARCH
# Query file:      /scratch/srb67793/Pelargonium/busco_downloads/lineages/eudicots_odb10/hmms/161355at71240.hmm
# Target file:     /scratch/srb67793/Pelargonium/Pelargonium-PreviousAssembly-busco/run_eudicots_odb10/metaeuk_output/initial_results/Pcitr_Genome-final.fasta.modified.fas
# Option settings: hmmsearch --domtblout /scratch/srb67793/Pelargonium/Pelargonium-PreviousAssembly-busco/run_eudicots_odb10/hmmer_output/initial_run_results/161355at71240.out --cpu 1 /scratch/srb67793/Pelargonium/busco_downloads/lineages/eudicots_odb10/hmms/161355at71240.hmm /scratch/srb67793/Pelargonium/Pelargonium-PreviousAssembly-busco/run_eudicots_odb10/metaeuk_output/initial_results/Pcitr_Genome-final.fasta.modified.fas 
# Current dir:     /scratch/srb67793/Pelargonium
# Date:            Tue Jul  9 10:56:43 2024
# [ok]
