#                                                                                     --- full sequence --- -------------- this domain -------------   hmm coord   ali coord   env coord
# target name                 accession   tlen query name           accession   qlen   E-value  score  bias   #  of  c-Evalue  i-Evalue  score  bias  from    to  from    to  from    to  acc description of target
#         ------------------- ---------- ----- -------------------- ---------- ----- --------- ------ ----- --- --- --------- --------- ------ ----- ----- ----- ----- ----- ----- ----- ---- ---------------------
Pcitr_chr10:11278426-11272659 -            718 19175at71240         -            618         0 1155.3  17.0   1   2  1.8e-112  2.2e-109  365.5   9.2     6   216    18   245     9   255 0.92 -
Pcitr_chr10:11278426-11272659 -            718 19175at71240         -            618         0 1155.3  17.0   2   2  1.7e-241  2.1e-238  791.7   1.7   206   618   259   718   244   718 0.92 -
Pcitr_chr11:2689322-2673385   -           1698 19175at71240         -            618   9.8e-10   36.3   7.8   1   2   9.7e-13   1.2e-09   36.1   1.4    37    93   239   297   229   347 0.79 -
Pcitr_chr11:2689322-2673385   -           1698 19175at71240         -            618   9.8e-10   36.3   7.8   2   2    0.0072       8.7    3.5   0.6    56    93  1577  1611  1560  1650 0.67 -
Pcitr_chr1:41206869-41203084  -            436 19175at71240         -            618     1e-08   32.9   0.1   1   1   1.6e-11     2e-08   32.0   0.1   369   466   139   239   129   323 0.83 -
Pcitr_chr5:13172871-13243011  -           1126 19175at71240         -            618   7.5e-05   20.2   1.6   1   1   9.7e-08   0.00012   19.6   1.6    42    96   543   602   533   638 0.77 -
Pcitr_chr10:9716522-9716728   -             69 19175at71240         -            618   0.00038   17.9   8.4   1   1   3.3e-07    0.0004   17.8   8.4    41    92    12    65     6    69 0.86 -
Pcitr_chr10:9654427-9639343   -           1706 19175at71240         -            618     0.001   16.4   4.8   1   1   1.6e-06    0.0019   15.6   4.8    41    98   657   715   646   729 0.81 -
Pcitr_chr10:9700087-9709623   -           1788 19175at71240         -            618    0.0046   14.3   5.8   1   1   8.1e-06    0.0098   13.2   5.8    41    94   642   697   634   712 0.82 -
Pcitr_chr6:28148692-28149364  -            137 19175at71240         -            618     0.088   10.1   0.0   1   2   0.00013      0.15    9.3   0.0   294   315    77    98    36   108 0.84 -
Pcitr_chr6:28148692-28149364  -            137 19175at71240         -            618     0.088   10.1   0.0   2   2      0.27   3.2e+02   -1.7   0.0   438   466   103   131    98   133 0.80 -
#
# Program:         hmmsearch
# Version:         3.3.2 (Nov 2020)
# Pipeline mode:   SEARCH
# Query file:      /scratch/srb67793/Pelargonium/busco_downloads/lineages/eudicots_odb10/hmms/19175at71240.hmm
# Target file:     /scratch/srb67793/Pelargonium/Pelargonium-PreviousAssembly-busco/run_eudicots_odb10/metaeuk_output/initial_results/Pcitr_Genome-final.fasta.modified.fas
# Option settings: hmmsearch --domtblout /scratch/srb67793/Pelargonium/Pelargonium-PreviousAssembly-busco/run_eudicots_odb10/hmmer_output/initial_run_results/19175at71240.out --cpu 1 /scratch/srb67793/Pelargonium/busco_downloads/lineages/eudicots_odb10/hmms/19175at71240.hmm /scratch/srb67793/Pelargonium/Pelargonium-PreviousAssembly-busco/run_eudicots_odb10/metaeuk_output/initial_results/Pcitr_Genome-final.fasta.modified.fas 
# Current dir:     /scratch/srb67793/Pelargonium
# Date:            Tue Jul  9 10:56:40 2024
# [ok]
