#                                                                                     --- full sequence --- -------------- this domain -------------   hmm coord   ali coord   env coord
# target name                 accession   tlen query name           accession   qlen   E-value  score  bias   #  of  c-Evalue  i-Evalue  score  bias  from    to  from    to  from    to  acc description of target
#         ------------------- ---------- ----- -------------------- ---------- ----- --------- ------ ----- --- --- --------- --------- ------ ----- ----- ----- ----- ----- ----- ----- ---- ---------------------
Pcitr_chr2:10941140-10934419  -           1124 33716at71240         -            684         0 1158.7  28.3   1   5   1.1e-35   2.7e-32  111.0   0.0     1    61     3    63     3    70 0.96 -
Pcitr_chr2:10941140-10934419  -           1124 33716at71240         -            684         0 1158.7  28.3   2   5   0.00018      0.43    7.9   0.1    57    72    82    97    72   117 0.88 -
Pcitr_chr2:10941140-10934419  -           1124 33716at71240         -            684         0 1158.7  28.3   3   5     0.024        58    0.8   0.5    68    84   153   169   136   175 0.78 -
Pcitr_chr2:10941140-10934419  -           1124 33716at71240         -            684         0 1158.7  28.3   4   5  7.2e-117  1.7e-113  379.3   2.7    81   307   196   436   184   445 0.91 -
Pcitr_chr2:10941140-10934419  -           1124 33716at71240         -            684         0 1158.7  28.3   5   5  2.4e-203  5.8e-200  665.1   4.8   307   683   459   901   452   902 0.91 -
Pcitr_chr10:26118004-26107400 -           1048 33716at71240         -            684   1.5e-75  253.9   0.0   1   2   6.5e-42   1.6e-38  131.6   0.0     5   250    13   244    11   269 0.84 -
Pcitr_chr10:26118004-26107400 -           1048 33716at71240         -            684   1.5e-75  253.9   0.0   2   2   2.6e-38   6.3e-35  119.7   0.0   400   654   430   687   420   700 0.81 -
Pcitr_chr1:23577375-23581775  -            757 33716at71240         -            684   3.2e-58  196.7   1.9   1   3   3.3e-07   0.00081   16.9   0.0     5    46    12    54     9    66 0.86 -
Pcitr_chr1:23577375-23581775  -            757 33716at71240         -            684   3.2e-58  196.7   1.9   2   3   1.9e-21   4.6e-18   63.9   0.0    89   284    68   274    62   285 0.82 -
Pcitr_chr1:23577375-23581775  -            757 33716at71240         -            684   3.2e-58  196.7   1.9   3   3   3.9e-36   9.4e-33  112.5   0.1   394   669   447   701   440   711 0.86 -
Pcitr_chr11:13978131-13980445 -            191 33716at71240         -            684   1.9e-10   38.8   0.1   1   2   2.3e-08   5.5e-05   20.7   0.0   469   518    58   107    43   121 0.89 -
Pcitr_chr11:13978131-13980445 -            191 33716at71240         -            684   1.9e-10   38.8   0.1   2   2   4.8e-07    0.0012   16.3   0.1   603   641   146   186   125   189 0.83 -
#
# Program:         hmmsearch
# Version:         3.3.2 (Nov 2020)
# Pipeline mode:   SEARCH
# Query file:      /scratch/srb67793/Pelargonium/busco_downloads/lineages/eudicots_odb10/hmms/33716at71240.hmm
# Target file:     /scratch/srb67793/Pelargonium/Pelargonium-PreviousAssembly-busco/run_eudicots_odb10/metaeuk_output/initial_results/Pcitr_Genome-final.fasta.modified.fas
# Option settings: hmmsearch --domtblout /scratch/srb67793/Pelargonium/Pelargonium-PreviousAssembly-busco/run_eudicots_odb10/hmmer_output/initial_run_results/33716at71240.out --cpu 1 /scratch/srb67793/Pelargonium/busco_downloads/lineages/eudicots_odb10/hmms/33716at71240.hmm /scratch/srb67793/Pelargonium/Pelargonium-PreviousAssembly-busco/run_eudicots_odb10/metaeuk_output/initial_results/Pcitr_Genome-final.fasta.modified.fas 
# Current dir:     /scratch/srb67793/Pelargonium
# Date:            Tue Jul  9 10:57:00 2024
# [ok]
