#                                                                                     --- full sequence --- -------------- this domain -------------   hmm coord   ali coord   env coord
# target name                 accession   tlen query name           accession   qlen   E-value  score  bias   #  of  c-Evalue  i-Evalue  score  bias  from    to  from    to  from    to  acc description of target
#         ------------------- ---------- ----- -------------------- ---------- ----- --------- ------ ----- --- --- --------- --------- ------ ----- ----- ----- ----- ----- ----- ----- ---- ---------------------
Pcitr_chr8:31192823-31198084  -            591 44038at71240         -            481  2.8e-239  793.8  16.0   1   3    7e-151  1.7e-147  491.1   1.3     1   267     1   279     1   285 0.95 -
Pcitr_chr8:31192823-31198084  -            591 44038at71240         -            481  2.8e-239  793.8  16.0   2   3   2.2e-89   5.3e-86  288.3   2.0   250   435   285   469   278   499 0.95 -
Pcitr_chr8:31192823-31198084  -            591 44038at71240         -            481  2.8e-239  793.8  16.0   3   3   1.3e-08   3.2e-05   21.9   0.5   434   480   528   591   486   591 0.67 -
Pcitr_chr3:36256075-36271751  -            597 44038at71240         -            481   2.9e-41  140.8   2.1   1   3   4.7e-44   1.2e-40  138.8   0.0     1   234     1   245     1   253 0.88 -
Pcitr_chr3:36256075-36271751  -            597 44038at71240         -            481   2.9e-41  140.8   2.1   2   3      0.51   1.2e+03   -3.1   0.0   353   379   438   465   434   482 0.77 -
Pcitr_chr3:36256075-36271751  -            597 44038at71240         -            481   2.9e-41  140.8   2.1   3   3     0.034        84    0.8   0.2   380   423   512   555   507   569 0.71 -
Pcitr_chr10:22356818-22346927 -           1548 44038at71240         -            481   2.6e-39  134.3   0.1   1   3   1.2e-07   0.00029   18.8   0.0     1   100     1   120     1   135 0.81 -
Pcitr_chr10:22356818-22346927 -           1548 44038at71240         -            481   2.6e-39  134.3   0.1   2   3   5.1e-33   1.3e-29  102.4   0.1    95   231   869  1004   845  1009 0.92 -
Pcitr_chr10:22356818-22346927 -           1548 44038at71240         -            481   2.6e-39  134.3   0.1   3   3   0.00024      0.58    7.9   0.0   246   318  1072  1139  1041  1163 0.73 -
Pcitr_chr2:39277938-39271685  -            644 44038at71240         -            481   5.4e-05   21.2   0.1   1   2   2.2e-08   5.4e-05   21.2   0.1   129   223   150   247     1   266 0.78 -
Pcitr_chr2:39277938-39271685  -            644 44038at71240         -            481   5.4e-05   21.2   0.1   2   2      0.99   2.4e+03   -4.1   0.3   415   464   473   522   464   528 0.65 -
#
# Program:         hmmsearch
# Version:         3.3.2 (Nov 2020)
# Pipeline mode:   SEARCH
# Query file:      /scratch/srb67793/Pelargonium/busco_downloads/lineages/eudicots_odb10/hmms/44038at71240.hmm
# Target file:     /scratch/srb67793/Pelargonium/Pelargonium-PreviousAssembly-busco/run_eudicots_odb10/metaeuk_output/initial_results/Pcitr_Genome-final.fasta.modified.fas
# Option settings: hmmsearch --domtblout /scratch/srb67793/Pelargonium/Pelargonium-PreviousAssembly-busco/run_eudicots_odb10/hmmer_output/initial_run_results/44038at71240.out --cpu 1 /scratch/srb67793/Pelargonium/busco_downloads/lineages/eudicots_odb10/hmms/44038at71240.hmm /scratch/srb67793/Pelargonium/Pelargonium-PreviousAssembly-busco/run_eudicots_odb10/metaeuk_output/initial_results/Pcitr_Genome-final.fasta.modified.fas 
# Current dir:     /scratch/srb67793/Pelargonium
# Date:            Tue Jul  9 10:56:57 2024
# [ok]
