#                                                                                     --- full sequence --- -------------- this domain -------------   hmm coord   ali coord   env coord
# target name                 accession   tlen query name           accession   qlen   E-value  score  bias   #  of  c-Evalue  i-Evalue  score  bias  from    to  from    to  from    to  acc description of target
#         ------------------- ---------- ----- -------------------- ---------- ----- --------- ------ ----- --- --- --------- --------- ------ ----- ----- ----- ----- ----- ----- ----- ---- ---------------------
Pcitr_chr5:35633413-35628540  -            492 56886at71240         -            404  8.9e-227  751.8   2.1   1   2  2.9e-174  3.5e-171  568.7   0.8     1   302     3   311     3   344 0.94 -
Pcitr_chr5:35633413-35628540  -            492 56886at71240         -            404  8.9e-227  751.8   2.1   2   2   5.1e-57   6.3e-54  182.6   0.0   288   403   373   492   363   492 0.94 -
Pcitr_chr5:35604618-35652315  -            897 56886at71240         -            404  3.5e-204  677.4   0.4   1   1  3.9e-207  4.8e-204  677.0   0.4     1   371     8   397     8   406 0.94 -
Pcitr_chr9:29450973-29445397  -            617 56886at71240         -            404   3.2e-94  315.2   0.2   1   3     5e-06     0.006   14.7   0.0     1    44   102   145   102   158 0.89 -
Pcitr_chr9:29450973-29445397  -            617 56886at71240         -            404   3.2e-94  315.2   0.2   2   3   2.6e-75   3.2e-72  242.8   0.1    50   282   273   514   269   520 0.91 -
Pcitr_chr9:29450973-29445397  -            617 56886at71240         -            404   3.2e-94  315.2   0.2   3   3   2.1e-18   2.6e-15   55.4   0.0   309   400   516   609   510   613 0.91 -
Pcitr_chr11:17647443-17655523 -            624 56886at71240         -            404   8.2e-05   20.8   0.1   1   1   1.1e-07   0.00013   20.2   0.1   212   265   464   518   453   533 0.90 -
Pcitr_chr2:44709509-44704699  -            189 56886at71240         -            404   0.00017   19.8   0.0   1   1   1.7e-07    0.0002   19.5   0.0   207   271    42   103    26   136 0.85 -
Pcitr_chr3:2817785-2824148    -            540 56886at71240         -            404    0.0085   14.2   0.0   1   1     1e-05     0.012   13.6   0.0   148   266   315   438   299   447 0.71 -
Pcitr_chr4:31674263-31666967  -            964 56886at71240         -            404     0.041   11.9   0.0   1   1   5.2e-05     0.063   11.3   0.0   106   233   763   893   734   901 0.75 -
Pcitr_chr1:30238983-30240280  -            312 56886at71240         -            404     0.098   10.7   0.0   1   1   0.00012      0.14   10.1   0.0   215   250   143   178   115   189 0.87 -
#
# Program:         hmmsearch
# Version:         3.3.2 (Nov 2020)
# Pipeline mode:   SEARCH
# Query file:      /scratch/srb67793/Pelargonium/busco_downloads/lineages/eudicots_odb10/hmms/56886at71240.hmm
# Target file:     /scratch/srb67793/Pelargonium/Pelargonium-PreviousAssembly-busco/run_eudicots_odb10/metaeuk_output/initial_results/Pcitr_Genome-final.fasta.modified.fas
# Option settings: hmmsearch --domtblout /scratch/srb67793/Pelargonium/Pelargonium-PreviousAssembly-busco/run_eudicots_odb10/hmmer_output/initial_run_results/56886at71240.out --cpu 1 /scratch/srb67793/Pelargonium/busco_downloads/lineages/eudicots_odb10/hmms/56886at71240.hmm /scratch/srb67793/Pelargonium/Pelargonium-PreviousAssembly-busco/run_eudicots_odb10/metaeuk_output/initial_results/Pcitr_Genome-final.fasta.modified.fas 
# Current dir:     /scratch/srb67793/Pelargonium
# Date:            Tue Jul  9 10:57:13 2024
# [ok]
