#                                                                                      --- full sequence --- -------------- this domain -------------   hmm coord   ali coord   env coord
# target name                  accession   tlen query name           accession   qlen   E-value  score  bias   #  of  c-Evalue  i-Evalue  score  bias  from    to  from    to  from    to  acc description of target
#          ------------------- ---------- ----- -------------------- ---------- ----- --------- ------ ----- --- --- --------- --------- ------ ----- ----- ----- ----- ----- ----- ----- ---- ---------------------
Pcitr_chr6:2409221-2412794     -            484 60619at71240         -            422  9.4e-273  903.5   0.2   1   1  9.8e-276  1.1e-272  903.3   0.2     1   422    56   484    56   484 0.99 -
Pcitr_Contig13:6474893-6471688 -            460 60619at71240         -            422  2.7e-207  687.8   1.7   1   1  2.9e-210  3.1e-207  687.7   1.7     1   422    34   460    34   460 0.97 -
Pcitr_chr2:11806204-11803007   -            460 60619at71240         -            422  2.7e-207  687.8   1.7   1   1  2.9e-210  3.1e-207  687.7   1.7     1   422    34   460    34   460 0.97 -
Pcitr_chr10:23771411-23774527  -            452 60619at71240         -            422  5.4e-204  677.0   1.8   1   1  5.7e-207  6.1e-204  676.8   1.8     1   422    28   452    28   452 0.97 -
Pcitr_chr3:13162648-13159215   -            439 60619at71240         -            422  1.9e-202  671.9   2.4   1   1    2e-205  2.1e-202  671.7   2.4     1   422    18   439    18   439 0.97 -
Pcitr_chr11:7387262-7390434    -            392 60619at71240         -            422   6.5e-45  152.9   0.4   1   1   2.7e-47   2.9e-44  150.7   0.4    26   418    16   391     9   392 0.85 -
Pcitr_chr2:42829501-42836399   -            463 60619at71240         -            422   2.1e-44  151.2   0.0   1   1     2e-46   2.1e-43  147.9   0.0    25   420    45   438    40   440 0.81 -
Pcitr_chr5:9387164-9389448     -            394 60619at71240         -            422   6.2e-40  136.5   0.0   1   1   1.8e-42   1.9e-39  134.8   0.0    26   408    18   387     4   394 0.85 -
Pcitr_chr1:22295648-22283146   -            848 60619at71240         -            422   0.00035   18.7   0.0   1   2      0.38   4.1e+02   -1.3   0.0   109   135   454   481   446   508 0.78 -
Pcitr_chr1:22295648-22283146   -            848 60619at71240         -            422   0.00035   18.7   0.0   2   2   1.2e-06    0.0013   16.8   0.0   192   285   600   697   574   815 0.78 -
#
# Program:         hmmsearch
# Version:         3.3.2 (Nov 2020)
# Pipeline mode:   SEARCH
# Query file:      /scratch/srb67793/Pelargonium/busco_downloads/lineages/eudicots_odb10/hmms/60619at71240.hmm
# Target file:     /scratch/srb67793/Pelargonium/Pelargonium-PreviousAssembly-busco/run_eudicots_odb10/metaeuk_output/initial_results/Pcitr_Genome-final.fasta.modified.fas
# Option settings: hmmsearch --domtblout /scratch/srb67793/Pelargonium/Pelargonium-PreviousAssembly-busco/run_eudicots_odb10/hmmer_output/initial_run_results/60619at71240.out --cpu 1 /scratch/srb67793/Pelargonium/busco_downloads/lineages/eudicots_odb10/hmms/60619at71240.hmm /scratch/srb67793/Pelargonium/Pelargonium-PreviousAssembly-busco/run_eudicots_odb10/metaeuk_output/initial_results/Pcitr_Genome-final.fasta.modified.fas 
# Current dir:     /scratch/srb67793/Pelargonium
# Date:            Tue Jul  9 10:57:21 2024
# [ok]
