#                                                                                      --- full sequence --- -------------- this domain -------------   hmm coord   ali coord   env coord
# target name                  accession   tlen query name           accession   qlen   E-value  score  bias   #  of  c-Evalue  i-Evalue  score  bias  from    to  from    to  from    to  acc description of target
#          ------------------- ---------- ----- -------------------- ---------- ----- --------- ------ ----- --- --- --------- --------- ------ ----- ----- ----- ----- ----- ----- ----- ---- ---------------------
Pcitr_chr5:5831723-5875321     -            895 73945at71240         -            372  4.8e-204  676.3   0.2   1   1  2.7e-205  2.4e-202  670.7   0.2     1   372   491   895   491   895 0.93 -
Pcitr_chr9:29450973-29445397   -            617 73945at71240         -            372    0.0005   18.1   0.1   1   1   7.7e-07   0.00068   17.6   0.1   163   278   410   526   369   541 0.78 -
Pcitr_chr5:2856179-2858384     -            244 73945at71240         -            372   0.00056   17.9   0.2   1   1   7.4e-07   0.00066   17.7   0.2   199   312    56   167    40   216 0.73 -
Pcitr_chr5:35633413-35628540   -            492 73945at71240         -            372    0.0006   17.8   0.0   1   1     1e-06   0.00088   17.2   0.0   163   263   182   285   155   303 0.81 -
Pcitr_chr5:35604618-35652315   -            897 73945at71240         -            372    0.0013   16.7   0.0   1   1   2.5e-06    0.0022   15.9   0.0   164   263   189   291   165   318 0.82 -
Pcitr_chr9:31704081-31708406   -            384 73945at71240         -            372    0.0082   14.1   0.0   1   1   1.4e-05     0.012   13.5   0.0   196   247   217   269   210   282 0.88 -
Pcitr_chr10:29085992-29099238  -           1280 73945at71240         -            372    0.0097   13.8   0.1   1   2   3.3e-05     0.029   12.2   0.1   202   261   546   604   539   611 0.89 -
Pcitr_chr10:29085992-29099238  -           1280 73945at71240         -            372    0.0097   13.8   0.1   2   2       2.3     2e+03   -3.7   0.0   329   357   620   648   619   651 0.90 -
Pcitr_chr1:51065726-51065166   -            187 73945at71240         -            372     0.016   13.1   0.1   1   1   2.6e-05     0.023   12.6   0.1   195   243    21    70    15    80 0.89 -
Pcitr_chr2:9565003-9556947     -            483 73945at71240         -            372      0.02   12.8   0.0   1   1   3.4e-05      0.03   12.2   0.0   167   256   258   353   245   422 0.84 -
Pcitr_Contig24:4361288-4355481 -            243 73945at71240         -            372     0.045   11.6   0.0   1   1   7.2e-05     0.064   11.1   0.0   198   251    58   111    46   136 0.86 -
Pcitr_chr8:21951395-21947223   -            276 73945at71240         -            372     0.079   10.8   0.0   1   1   0.00014      0.12   10.2   0.0   198   260    91   153    78   171 0.86 -
#
# Program:         hmmsearch
# Version:         3.3.2 (Nov 2020)
# Pipeline mode:   SEARCH
# Query file:      /scratch/srb67793/Pelargonium/busco_downloads/lineages/eudicots_odb10/hmms/73945at71240.hmm
# Target file:     /scratch/srb67793/Pelargonium/Pelargonium-PreviousAssembly-busco/run_eudicots_odb10/metaeuk_output/initial_results/Pcitr_Genome-final.fasta.modified.fas
# Option settings: hmmsearch --domtblout /scratch/srb67793/Pelargonium/Pelargonium-PreviousAssembly-busco/run_eudicots_odb10/hmmer_output/initial_run_results/73945at71240.out --cpu 1 /scratch/srb67793/Pelargonium/busco_downloads/lineages/eudicots_odb10/hmms/73945at71240.hmm /scratch/srb67793/Pelargonium/Pelargonium-PreviousAssembly-busco/run_eudicots_odb10/metaeuk_output/initial_results/Pcitr_Genome-final.fasta.modified.fas 
# Current dir:     /scratch/srb67793/Pelargonium
# Date:            Tue Jul  9 10:57:23 2024
# [ok]
