#                                                                                     --- full sequence --- -------------- this domain -------------   hmm coord   ali coord   env coord
# target name                 accession   tlen query name           accession   qlen   E-value  score  bias   #  of  c-Evalue  i-Evalue  score  bias  from    to  from    to  from    to  acc description of target
#         ------------------- ---------- ----- -------------------- ---------- ----- --------- ------ ----- --- --- --------- --------- ------ ----- ----- ----- ----- ----- ----- ----- ---- ---------------------
Pcitr_chr10:24260441-24266618 -            415 83991at71240         -            378  1.8e-187  622.1   8.9   1   2  3.2e-156  5.2e-153  508.7   1.6    32   284     1   255     1   265 0.97 -
Pcitr_chr10:24260441-24266618 -            415 83991at71240         -            378  1.8e-187  622.1   8.9   2   2   2.9e-37   4.7e-34  117.2   0.9   268   378   269   414   264   414 0.84 -
Pcitr_chr5:29321664-29317278  -            514 83991at71240         -            378   3.1e-40  137.5   3.0   1   2   9.4e-41   1.5e-37  128.6   0.4    33   282   111   355    98   374 0.91 -
Pcitr_chr5:29321664-29317278  -            514 83991at71240         -            378   3.1e-40  137.5   3.0   2   2   0.00022      0.37    8.9   0.1   298   342   408   458   395   467 0.81 -
Pcitr_chr9:28164427-28172319  -            397 83991at71240         -            378   2.7e-37  127.8   1.9   1   1   2.1e-40   3.4e-37  127.5   1.9    35   357    61   397    46   397 0.83 -
Pcitr_chr9:33558303-33553785  -            507 83991at71240         -            378   1.2e-35  122.4   0.0   1   1     1e-38   1.7e-35  121.9   0.0    31   337   119   434   100   446 0.86 -
Pcitr_chr2:46436653-46431855  -            575 83991at71240         -            378     8e-35  119.7   0.5   1   1   7.6e-38   1.2e-34  119.1   0.5    28   284   147   395   124   420 0.89 -
Pcitr_chr9:7327668-7332276    -            547 83991at71240         -            378     1e-23   83.1   3.0   1   3   1.3e-24   2.1e-21   75.5   0.6    44   214   123   288   107   296 0.87 -
Pcitr_chr9:7327668-7332276    -            547 83991at71240         -            378     1e-23   83.1   3.0   2   3   0.00078       1.3    7.1   0.0   207   284   315   392   301   398 0.88 -
Pcitr_chr9:7327668-7332276    -            547 83991at71240         -            378     1e-23   83.1   3.0   3   3      0.92   1.5e+03   -3.0   0.0   314   350   449   483   446   500 0.72 -
#
# Program:         hmmsearch
# Version:         3.3.2 (Nov 2020)
# Pipeline mode:   SEARCH
# Query file:      /scratch/srb67793/Pelargonium/busco_downloads/lineages/eudicots_odb10/hmms/83991at71240.hmm
# Target file:     /scratch/srb67793/Pelargonium/Pelargonium-PreviousAssembly-busco/run_eudicots_odb10/metaeuk_output/initial_results/Pcitr_Genome-final.fasta.modified.fas
# Option settings: hmmsearch --domtblout /scratch/srb67793/Pelargonium/Pelargonium-PreviousAssembly-busco/run_eudicots_odb10/hmmer_output/initial_run_results/83991at71240.out --cpu 1 /scratch/srb67793/Pelargonium/busco_downloads/lineages/eudicots_odb10/hmms/83991at71240.hmm /scratch/srb67793/Pelargonium/Pelargonium-PreviousAssembly-busco/run_eudicots_odb10/metaeuk_output/initial_results/Pcitr_Genome-final.fasta.modified.fas 
# Current dir:     /scratch/srb67793/Pelargonium
# Date:            Tue Jul  9 10:57:31 2024
# [ok]
