#                                                                                     --- full sequence --- -------------- this domain -------------   hmm coord   ali coord   env coord
# target name                 accession   tlen query name           accession   qlen   E-value  score  bias   #  of  c-Evalue  i-Evalue  score  bias  from    to  from    to  from    to  acc description of target
#         ------------------- ---------- ----- -------------------- ---------- ----- --------- ------ ----- --- --- --------- --------- ------ ----- ----- ----- ----- ----- ----- ----- ---- ---------------------
Pcitr_chr10:31695095-31692121 -            460 86338at71240         -            381  3.1e-179  595.0   0.4   1   2  3.9e-172  5.5e-169  561.2   0.0     2   351     2   384     1   393 0.92 -
Pcitr_chr10:31695095-31692121 -            460 86338at71240         -            381  3.1e-179  595.0   0.4   2   2   4.3e-11     6e-08   31.2   0.1   346   381   417   452   407   452 0.89 -
Pcitr_chr9:3485995-3481264    -            498 86338at71240         -            381   1.7e-17   62.6   0.0   1   1     2e-20   2.8e-17   61.9   0.0    30   261    91   330    70   352 0.76 -
Pcitr_chr7:3142069-3138136    -            432 86338at71240         -            381   4.2e-13   48.1   1.3   1   3   6.5e-11     9e-08   30.6   0.0    30   186    28   192     8   197 0.80 -
Pcitr_chr7:3142069-3138136    -            432 86338at71240         -            381   4.2e-13   48.1   1.3   2   3   5.8e-06     0.008   14.3   0.1   224   263   208   245   206   262 0.85 -
Pcitr_chr7:3142069-3138136    -            432 86338at71240         -            381   4.2e-13   48.1   1.3   3   3       0.1   1.5e+02    0.3   0.0   264   300   274   310   262   365 0.63 -
Pcitr_chr6:13659268-13652751  -            422 86338at71240         -            381   1.1e-12   46.8   0.1   1   1   5.4e-14   7.5e-11   40.7   0.1    22   258    35   253    20   275 0.79 -
Pcitr_chr1:42424588-42410027  -            660 86338at71240         -            381   1.1e-11   43.5   0.1   1   2   3.5e-10   4.8e-07   28.2   0.0    76   253   299   489   287   501 0.80 -
Pcitr_chr1:42424588-42410027  -            660 86338at71240         -            381   1.1e-11   43.5   0.1   2   2   1.5e-05     0.021   12.9   0.1   282   346   549   618   544   646 0.68 -
Pcitr_chr5:20088545-20088225  -            107 86338at71240         -            381   0.00011   20.5   0.0   1   1   8.3e-08   0.00012   20.4   0.0    32   103    27   101     1   105 0.81 -
Pcitr_chr8:17149741-17137529  -            535 86338at71240         -            381   0.00068   17.8   0.1   1   2      0.28   3.9e+02   -1.1   0.0    87   104   102   119    88   144 0.81 -
Pcitr_chr8:17149741-17137529  -            535 86338at71240         -            381   0.00068   17.8   0.1   2   2   1.9e-06    0.0026   15.9   0.1   221   259   297   335   280   351 0.80 -
#
# Program:         hmmsearch
# Version:         3.3.2 (Nov 2020)
# Pipeline mode:   SEARCH
# Query file:      /scratch/srb67793/Pelargonium/busco_downloads/lineages/eudicots_odb10/hmms/86338at71240.hmm
# Target file:     /scratch/srb67793/Pelargonium/Pelargonium-PreviousAssembly-busco/run_eudicots_odb10/metaeuk_output/initial_results/Pcitr_Genome-final.fasta.modified.fas
# Option settings: hmmsearch --domtblout /scratch/srb67793/Pelargonium/Pelargonium-PreviousAssembly-busco/run_eudicots_odb10/hmmer_output/initial_run_results/86338at71240.out --cpu 1 /scratch/srb67793/Pelargonium/busco_downloads/lineages/eudicots_odb10/hmms/86338at71240.hmm /scratch/srb67793/Pelargonium/Pelargonium-PreviousAssembly-busco/run_eudicots_odb10/metaeuk_output/initial_results/Pcitr_Genome-final.fasta.modified.fas 
# Current dir:     /scratch/srb67793/Pelargonium
# Date:            Tue Jul  9 10:57:31 2024
# [ok]
