#                                                                                     --- full sequence --- -------------- this domain -------------   hmm coord   ali coord   env coord
# target name                 accession   tlen query name           accession   qlen   E-value  score  bias   #  of  c-Evalue  i-Evalue  score  bias  from    to  from    to  from    to  acc description of target
#         ------------------- ---------- ----- -------------------- ---------- ----- --------- ------ ----- --- --- --------- --------- ------ ----- ----- ----- ----- ----- ----- ----- ---- ---------------------
scaffold_8:5282672-5293276    -           1048 11919at71240         -            668   2.1e-48  164.2   0.0   1   3   2.3e-08   7.5e-05   20.3   0.0     4    54     9    58     6    65 0.88 -
scaffold_8:5282672-5293276    -           1048 11919at71240         -            668   2.1e-48  164.2   0.0   2   3     2e-14   6.7e-11   40.3   0.1    51   197    84   255    77   284 0.73 -
scaffold_8:5282672-5293276    -           1048 11919at71240         -            668   2.1e-48  164.2   0.0   3   3   2.9e-32   9.5e-29   99.3   0.0   380   657   428   727   409   734 0.77 -
scaffold_11:11217586-11224319 -           1128 11919at71240         -            668   7.3e-42  142.6   1.3   1   5   7.5e-07    0.0025   15.3   0.0     8    57     7    55     4    71 0.84 -
scaffold_11:11217586-11224319 -           1128 11919at71240         -            668   7.3e-42  142.6   1.3   2   5   7.2e-05      0.24    8.7   0.0    67   104   218   255   202   303 0.74 -
scaffold_11:11217586-11224319 -           1128 11919at71240         -            668   7.3e-42  142.6   1.3   3   5   1.5e-12     5e-09   34.1   0.0   121   211   312   404   297   412 0.88 -
scaffold_11:11217586-11224319 -           1128 11919at71240         -            668   7.3e-42  142.6   1.3   4   5   1.6e-23   5.2e-20   70.4   0.0   375   551   573   770   543   789 0.81 -
scaffold_11:11217586-11224319 -           1128 11919at71240         -            668   7.3e-42  142.6   1.3   5   5   0.00013      0.42    7.9   0.1   581   631   830   888   813   898 0.77 -
scaffold_10:11398004-11400318 -            191 11919at71240         -            668   1.4e-05   22.7   0.9   1   2   0.00011      0.37    8.1   0.0   448   478    59    89    54    96 0.89 -
scaffold_10:11398004-11400318 -            191 11919at71240         -            668   1.4e-05   22.7   0.9   2   2   2.2e-05     0.073   10.4   0.5   571   603   153   185    93   189 0.66 -
#
# Program:         hmmsearch
# Version:         3.3.2 (Nov 2020)
# Pipeline mode:   SEARCH
# Query file:      /scratch/srb67793/Pelargonium/scripts/busco_downloads/lineages/eudicots_odb10/hmms/11919at71240.hmm
# Target file:     /scratch/srb67793/Pelargonium/scripts/scratch/srb67793/Pelargonium/Results2/HiFiASM_OmniC/P_citronellum-hap1-scaffolds-busco/run_eudicots_odb10/metaeuk_output/initial_results/P_citronellum-hap1_scaffolds_final.fa.modified.fas
# Option settings: hmmsearch --domtblout /scratch/srb67793/Pelargonium/scripts/scratch/srb67793/Pelargonium/Results2/HiFiASM_OmniC/P_citronellum-hap1-scaffolds-busco/run_eudicots_odb10/hmmer_output/initial_run_results/11919at71240.out --cpu 1 /scratch/srb67793/Pelargonium/scripts/busco_downloads/lineages/eudicots_odb10/hmms/11919at71240.hmm /scratch/srb67793/Pelargonium/scripts/scratch/srb67793/Pelargonium/Results2/HiFiASM_OmniC/P_citronellum-hap1-scaffolds-busco/run_eudicots_odb10/metaeuk_output/initial_results/P_citronellum-hap1_scaffolds_final.fa.modified.fas 
# Current dir:     /scratch/srb67793/Pelargonium/scripts
# Date:            Fri Jul 19 10:32:18 2024
# [ok]
