#                                                                                    --- full sequence --- -------------- this domain -------------   hmm coord   ali coord   env coord
# target name                accession   tlen query name           accession   qlen   E-value  score  bias   #  of  c-Evalue  i-Evalue  score  bias  from    to  from    to  from    to  acc description of target
#        ------------------- ---------- ----- -------------------- ---------- ----- --------- ------ ----- --- --- --------- --------- ------ ----- ----- ----- ----- ----- ----- ----- ---- ---------------------
scaffold_10:8180313-8177904  -            298 127633at71240        -            202   0.00058   18.8   0.2   1   1   8.5e-07    0.0011   17.9   0.2     2    63   117   182   116   204 0.82 -
scaffold_1:24169759-24170541 -            261 127633at71240        -            202    0.0017   17.3   0.6   1   2   6.6e-05     0.081   11.8   0.1     2    76     7    83     6    99 0.88 -
scaffold_1:24169759-24170541 -            261 127633at71240        -            202    0.0017   17.3   0.6   2   2     0.018        22    3.9   0.0    83   127   194   237   185   252 0.77 -
scaffold_7:9875551-9876678   -            376 127633at71240        -            202    0.0041   16.0   0.1   1   1     5e-06    0.0063   15.4   0.1     9    50     7    48     2    54 0.91 -
scaffold_2:38687311-38689948 -            439 127633at71240        -            202     0.017   14.0   0.4   1   1   2.1e-05     0.026   13.4   0.4     3    49     2    48     1    60 0.90 -
scaffold_7:9884470-9885573   -            368 127633at71240        -            202     0.018   13.9   0.2   1   1   2.1e-05     0.026   13.4   0.2    11    50     1    40     1    45 0.92 -
scaffold_9:21118962-21137814 -            269 127633at71240        -            202     0.022   13.6   0.0   1   1   3.3e-05     0.041   12.7   0.0     2    44     2    44     1    59 0.91 -
scaffold_3:19779800-19767039 -            965 127633at71240        -            202     0.039   12.8   0.2   1   2     8e-05     0.099   11.5   0.1     2    47    13    58    12    84 0.85 -
scaffold_3:19779800-19767039 -            965 127633at71240        -            202     0.039   12.8   0.2   2   2       1.6     2e+03   -2.5   0.0    23    55   933   964   928   965 0.81 -
scaffold_2:7416459-7417421   -            321 127633at71240        -            202      0.12   11.2   0.6   1   2   0.00022      0.27   10.1   0.3     4    41     1    38     1    50 0.87 -
scaffold_2:7416459-7417421   -            321 127633at71240        -            202      0.12   11.2   0.6   2   2       1.4   1.7e+03   -2.4   0.0    56    80   240   264   212   267 0.79 -
#
# Program:         hmmsearch
# Version:         3.3.2 (Nov 2020)
# Pipeline mode:   SEARCH
# Query file:      /scratch/srb67793/Pelargonium/scripts/busco_downloads/lineages/eudicots_odb10/hmms/127633at71240.hmm
# Target file:     /scratch/srb67793/Pelargonium/scripts/scratch/srb67793/Pelargonium/Results2/HiFiASM_OmniC/P_citronellum-hap1-scaffolds-busco/run_eudicots_odb10/metaeuk_output/initial_results/P_citronellum-hap1_scaffolds_final.fa.modified.fas
# Option settings: hmmsearch --domtblout /scratch/srb67793/Pelargonium/scripts/scratch/srb67793/Pelargonium/Results2/HiFiASM_OmniC/P_citronellum-hap1-scaffolds-busco/run_eudicots_odb10/hmmer_output/initial_run_results/127633at71240.out --cpu 1 /scratch/srb67793/Pelargonium/scripts/busco_downloads/lineages/eudicots_odb10/hmms/127633at71240.hmm /scratch/srb67793/Pelargonium/scripts/scratch/srb67793/Pelargonium/Results2/HiFiASM_OmniC/P_citronellum-hap1-scaffolds-busco/run_eudicots_odb10/metaeuk_output/initial_results/P_citronellum-hap1_scaffolds_final.fa.modified.fas 
# Current dir:     /scratch/srb67793/Pelargonium/scripts
# Date:            Fri Jul 19 10:32:14 2024
# [ok]
