#                                                                                    --- full sequence --- -------------- this domain -------------   hmm coord   ali coord   env coord
# target name                accession   tlen query name           accession   qlen   E-value  score  bias   #  of  c-Evalue  i-Evalue  score  bias  from    to  from    to  from    to  acc description of target
#        ------------------- ---------- ----- -------------------- ---------- ----- --------- ------ ----- --- --- --------- --------- ------ ----- ----- ----- ----- ----- ----- ----- ---- ---------------------
scaffold_3:2432570-2435470   -            391 131540at71240        -            313  1.5e-146  486.5 111.1   1   3  6.6e-130  1.3e-126  421.0   5.7     1   211     1   217     1   218 0.94 -
scaffold_3:2432570-2435470   -            391 131540at71240        -            313  1.5e-146  486.5 111.1   2   3   1.1e-11   2.1e-08   32.8  35.2   180   240   205   264   198   266 0.79 -
scaffold_3:2432570-2435470   -            391 131540at71240        -            313  1.5e-146  486.5 111.1   3   3   1.3e-11   2.6e-08   32.5  70.8   199   312   255   391   251   391 0.54 -
scaffold_8:714328-709473     -            424 131540at71240        -            313     3e-10   38.8  88.9   1   3   5.3e-13   1.1e-09   37.0   0.1    17   164    10   157     3   173 0.89 -
scaffold_8:714328-709473     -            424 131540at71240        -            313     3e-10   38.8  88.9   2   3      0.28   5.5e+02   -1.5  32.0   199   245   239   285   230   288 0.38 -
scaffold_8:714328-709473     -            424 131540at71240        -            313     3e-10   38.8  88.9   3   3   0.00025      0.49    8.6  58.5   187   293   273   377   272   393 0.58 -
scaffold_1:45316020-45307592 -            894 131540at71240        -            313     0.021   13.1  30.0   1   1   2.2e-05     0.044   12.0  30.0   197   285   320   407   306   415 0.53 -
scaffold_7:3864608-3868028   -            342 131540at71240        -            313       3.5    5.8  57.8   1   2     0.048        95    1.1  27.2   191   246    94   149    81   154 0.67 -
scaffold_7:3864608-3868028   -            342 131540at71240        -            313       3.5    5.8  57.8   2   2   0.00014      0.28    9.4  25.5   200   307   149   253   144   259 0.73 -
scaffold_7:7652783-7656869   -            381 131540at71240        -            313       4.2    5.5  19.7   1   1    0.0031       6.3    4.9  19.7   182   243   108   163    94   197 0.55 -
#
# Program:         hmmsearch
# Version:         3.3.2 (Nov 2020)
# Pipeline mode:   SEARCH
# Query file:      /scratch/srb67793/Pelargonium/scripts/busco_downloads/lineages/eudicots_odb10/hmms/131540at71240.hmm
# Target file:     /scratch/srb67793/Pelargonium/scripts/scratch/srb67793/Pelargonium/Results2/HiFiASM_OmniC/P_citronellum-hap1-scaffolds-busco/run_eudicots_odb10/metaeuk_output/initial_results/P_citronellum-hap1_scaffolds_final.fa.modified.fas
# Option settings: hmmsearch --domtblout /scratch/srb67793/Pelargonium/scripts/scratch/srb67793/Pelargonium/Results2/HiFiASM_OmniC/P_citronellum-hap1-scaffolds-busco/run_eudicots_odb10/hmmer_output/initial_run_results/131540at71240.out --cpu 1 /scratch/srb67793/Pelargonium/scripts/busco_downloads/lineages/eudicots_odb10/hmms/131540at71240.hmm /scratch/srb67793/Pelargonium/scripts/scratch/srb67793/Pelargonium/Results2/HiFiASM_OmniC/P_citronellum-hap1-scaffolds-busco/run_eudicots_odb10/metaeuk_output/initial_results/P_citronellum-hap1_scaffolds_final.fa.modified.fas 
# Current dir:     /scratch/srb67793/Pelargonium/scripts
# Date:            Fri Jul 19 10:32:14 2024
# [ok]
