#                                                                                     --- full sequence --- -------------- this domain -------------   hmm coord   ali coord   env coord
# target name                 accession   tlen query name           accession   qlen   E-value  score  bias   #  of  c-Evalue  i-Evalue  score  bias  from    to  from    to  from    to  acc description of target
#         ------------------- ---------- ----- -------------------- ---------- ----- --------- ------ ----- --- --- --------- --------- ------ ----- ----- ----- ----- ----- ----- ----- ---- ---------------------
scaffold_602:38881-29645      -            637 149002at71240        -            261   1.6e-75  253.4   7.2   1   1   2.1e-78   2.3e-75  252.9   7.2   111   261   478   637   459   637 0.93 -
scaffold_4:20075504-20076343  -            280 149002at71240        -            261   4.1e-28   98.0   6.5   1   1   4.9e-31   5.4e-28   97.6   6.5    13   237    15   254     3   259 0.75 -
scaffold_5:19001385-19002002  -            206 149002at71240        -            261   1.9e-14   53.2   7.1   1   2      0.82   9.1e+02   -1.4   0.1    79   104     9    33     2    50 0.56 -
scaffold_5:19001385-19002002  -            206 149002at71240        -            261   1.9e-14   53.2   7.1   2   2   1.8e-17   1.9e-14   53.2   7.1    76   206    67   204    55   206 0.75 -
scaffold_3:12266374-12265487  -            296 149002at71240        -            261   1.7e-08   33.7  13.4   1   1   2.9e-11   3.2e-08   32.8  13.4     5   220     7   244     3   266 0.72 -
scaffold_11:1770977-1771969   -            331 149002at71240        -            261     5e-08   32.2   7.0   1   1     2e-10   2.2e-07   30.1   7.0    23   237    43   267    38   274 0.67 -
scaffold_2:26203510-26200798  -            244 149002at71240        -            261   8.6e-07   28.2   8.4   1   1   1.4e-09   1.5e-06   27.3   8.4    38   189    51   208     7   243 0.76 -
scaffold_10:10643561-10646013 -            196 149002at71240        -            261   2.5e-05   23.4   1.0   1   2       2.4   2.6e+03   -2.9   0.1   160   177    13    30     7    32 0.66 -
scaffold_10:10643561-10646013 -            196 149002at71240        -            261   2.5e-05   23.4   1.0   2   2   2.3e-08   2.5e-05   23.4   1.0   137   192    89   143    75   192 0.65 -
scaffold_8:8555852-8556811    -            320 149002at71240        -            261   0.00026   20.0   6.4   1   1   8.2e-07   0.00091   18.3   6.4    74   237    96   267    35   276 0.63 -
scaffold_8:15798439-15800550  -            197 149002at71240        -            261    0.0008   18.4   5.8   1   1     9e-07   0.00099   18.1   5.8     9   185    11   197     3   197 0.67 -
#
# Program:         hmmsearch
# Version:         3.3.2 (Nov 2020)
# Pipeline mode:   SEARCH
# Query file:      /scratch/srb67793/Pelargonium/scripts/busco_downloads/lineages/eudicots_odb10/hmms/149002at71240.hmm
# Target file:     /scratch/srb67793/Pelargonium/scripts/scratch/srb67793/Pelargonium/Results2/HiFiASM_OmniC/P_citronellum-hap1-scaffolds-busco/run_eudicots_odb10/metaeuk_output/initial_results/P_citronellum-hap1_scaffolds_final.fa.modified.fas
# Option settings: hmmsearch --domtblout /scratch/srb67793/Pelargonium/scripts/scratch/srb67793/Pelargonium/Results2/HiFiASM_OmniC/P_citronellum-hap1-scaffolds-busco/run_eudicots_odb10/hmmer_output/initial_run_results/149002at71240.out --cpu 1 /scratch/srb67793/Pelargonium/scripts/busco_downloads/lineages/eudicots_odb10/hmms/149002at71240.hmm /scratch/srb67793/Pelargonium/scripts/scratch/srb67793/Pelargonium/Results2/HiFiASM_OmniC/P_citronellum-hap1-scaffolds-busco/run_eudicots_odb10/metaeuk_output/initial_results/P_citronellum-hap1_scaffolds_final.fa.modified.fas 
# Current dir:     /scratch/srb67793/Pelargonium/scripts
# Date:            Fri Jul 19 10:32:11 2024
# [ok]
