#                                                                                     --- full sequence --- -------------- this domain -------------   hmm coord   ali coord   env coord
# target name                 accession   tlen query name           accession   qlen   E-value  score  bias   #  of  c-Evalue  i-Evalue  score  bias  from    to  from    to  from    to  acc description of target
#         ------------------- ---------- ----- -------------------- ---------- ----- --------- ------ ----- --- --- --------- --------- ------ ----- ----- ----- ----- ----- ----- ----- ---- ---------------------
scaffold_11:7786750-7788456   -            201 164894at71240        -            165   4.5e-66  220.4   0.0   1   1   5.2e-69   6.4e-66  219.9   0.0    12   162    36   192    26   195 0.87 -
scaffold_5:24189747-24188264  -            421 164894at71240        -            165   2.1e-07   29.6   0.0   1   1   3.6e-10   4.4e-07   28.6   0.0    73   138   120   186   111   195 0.89 -
scaffold_4:11002666-11004124  -            417 164894at71240        -            165   5.6e-07   28.2   0.0   1   1   8.7e-10   1.1e-06   27.3   0.0    73   138   113   179   104   187 0.87 -
scaffold_7:18265409-18254065  -            740 164894at71240        -            165   1.1e-06   27.3   0.0   1   1   1.9e-09   2.3e-06   26.2   0.0    74   146   130   201   118   206 0.86 -
scaffold_9:25256601-25239863  -            899 164894at71240        -            165   0.00051   18.6   0.1   1   2   3.7e-06    0.0046   15.5   0.0    68   139    99   183    88   195 0.73 -
scaffold_9:25256601-25239863  -            899 164894at71240        -            165   0.00051   18.6   0.1   2   2      0.97   1.2e+03   -2.1   0.0   102   115   554   567   550   577 0.76 -
scaffold_16:4908011-4890288   -            899 164894at71240        -            165   0.00051   18.6   0.1   1   2   3.7e-06    0.0045   15.5   0.0    68   139    99   183    88   196 0.73 -
scaffold_16:4908011-4890288   -            899 164894at71240        -            165   0.00051   18.6   0.1   2   2      0.97   1.2e+03   -2.1   0.0   102   115   554   567   550   577 0.76 -
scaffold_10:19573655-19585466 -            419 164894at71240        -            165    0.0011   17.5   0.0   1   1     2e-06    0.0025   16.4   0.0   100   140   378   418   335   419 0.79 -
scaffold_3:23771807-23778157  -            395 164894at71240        -            165     0.041   12.4   0.0   1   1   6.8e-05     0.085   11.4   0.0   100   120   353   373   312   395 0.73 -
#
# Program:         hmmsearch
# Version:         3.3.2 (Nov 2020)
# Pipeline mode:   SEARCH
# Query file:      /scratch/srb67793/Pelargonium/scripts/busco_downloads/lineages/eudicots_odb10/hmms/164894at71240.hmm
# Target file:     /scratch/srb67793/Pelargonium/scripts/scratch/srb67793/Pelargonium/Results2/HiFiASM_OmniC/P_citronellum-hap1-scaffolds-busco/run_eudicots_odb10/metaeuk_output/initial_results/P_citronellum-hap1_scaffolds_final.fa.modified.fas
# Option settings: hmmsearch --domtblout /scratch/srb67793/Pelargonium/scripts/scratch/srb67793/Pelargonium/Results2/HiFiASM_OmniC/P_citronellum-hap1-scaffolds-busco/run_eudicots_odb10/hmmer_output/initial_run_results/164894at71240.out --cpu 1 /scratch/srb67793/Pelargonium/scripts/busco_downloads/lineages/eudicots_odb10/hmms/164894at71240.hmm /scratch/srb67793/Pelargonium/scripts/scratch/srb67793/Pelargonium/Results2/HiFiASM_OmniC/P_citronellum-hap1-scaffolds-busco/run_eudicots_odb10/metaeuk_output/initial_results/P_citronellum-hap1_scaffolds_final.fa.modified.fas 
# Current dir:     /scratch/srb67793/Pelargonium/scripts
# Date:            Fri Jul 19 10:32:24 2024
# [ok]
