#                                                                                    --- full sequence --- -------------- this domain -------------   hmm coord   ali coord   env coord
# target name                accession   tlen query name           accession   qlen   E-value  score  bias   #  of  c-Evalue  i-Evalue  score  bias  from    to  from    to  from    to  acc description of target
#        ------------------- ---------- ----- -------------------- ---------- ----- --------- ------ ----- --- --- --------- --------- ------ ----- ----- ----- ----- ----- ----- ----- ---- ---------------------
scaffold_7:3040015-3033389   -            510 53606at71240         -            406  8.5e-232  768.5  26.2   1   1  7.6e-235  1.1e-231  768.1  26.2     5   406    92   506    89   506 0.97 -
scaffold_7:3040018-3036196   -            303 53606at71240         -            406  1.8e-101  339.3  11.0   1   1  1.8e-104  2.6e-101  338.8  11.0     5   202    93   298    90   301 0.95 -
scaffold_9:16283084-16284843 -            205 53606at71240         -            406     8e-62  208.7  18.1   1   1   6.3e-65   8.9e-62  208.6  18.1    34   239     1   204     1   205 0.97 -
scaffold_8:25589644-25590933 -            430 53606at71240         -            406   3.3e-60  203.4  17.7   1   2   1.9e-33   2.7e-30  104.9   6.0    21   187     7   173     1   181 0.93 -
scaffold_8:25589644-25590933 -            430 53606at71240         -            406   3.3e-60  203.4  17.7   2   2   2.5e-33   3.6e-30  104.5   3.8   200   396   220   418   204   428 0.86 -
scaffold_8:28131-26842       -            430 53606at71240         -            406   3.8e-60  203.2  17.9   1   2   1.2e-33   1.7e-30  105.6   5.9    21   187     7   173     1   181 0.93 -
scaffold_8:28131-26842       -            430 53606at71240         -            406   3.8e-60  203.2  17.9   2   2   4.8e-33   6.8e-30  103.6   4.1   200   396   220   418   204   426 0.87 -
scaffold_9:20916658-20910164 -            460 53606at71240         -            406    0.0002   19.7   8.2   1   2   1.4e-07    0.0002   19.7   8.2    44   172    47   177    19   201 0.81 -
scaffold_9:20916658-20910164 -            460 53606at71240         -            406    0.0002   19.7   8.2   2   2      0.16   2.3e+02   -0.3   7.6   111   202   362   452   295   457 0.69 -
scaffold_5:18048602-18050990 -            418 53606at71240         -            406   0.00056   18.2   3.5   1   2     4e-07   0.00056   18.2   3.5    42   181    29   175    24   190 0.84 -
scaffold_5:18048602-18050990 -            418 53606at71240         -            406   0.00056   18.2   3.5   2   2      0.33   4.6e+02   -1.3   1.8   102   173   316   390   248   409 0.68 -
#
# Program:         hmmsearch
# Version:         3.3.2 (Nov 2020)
# Pipeline mode:   SEARCH
# Query file:      /scratch/srb67793/Pelargonium/scripts/busco_downloads/lineages/eudicots_odb10/hmms/53606at71240.hmm
# Target file:     /scratch/srb67793/Pelargonium/scripts/scratch/srb67793/Pelargonium/Results2/HiFiASM_OmniC/P_citronellum-hap1-scaffolds-busco/run_eudicots_odb10/metaeuk_output/initial_results/P_citronellum-hap1_scaffolds_final.fa.modified.fas
# Option settings: hmmsearch --domtblout /scratch/srb67793/Pelargonium/scripts/scratch/srb67793/Pelargonium/Results2/HiFiASM_OmniC/P_citronellum-hap1-scaffolds-busco/run_eudicots_odb10/hmmer_output/initial_run_results/53606at71240.out --cpu 1 /scratch/srb67793/Pelargonium/scripts/busco_downloads/lineages/eudicots_odb10/hmms/53606at71240.hmm /scratch/srb67793/Pelargonium/scripts/scratch/srb67793/Pelargonium/Results2/HiFiASM_OmniC/P_citronellum-hap1-scaffolds-busco/run_eudicots_odb10/metaeuk_output/initial_results/P_citronellum-hap1_scaffolds_final.fa.modified.fas 
# Current dir:     /scratch/srb67793/Pelargonium/scripts
# Date:            Fri Jul 19 10:32:50 2024
# [ok]
