#                                                                                    --- full sequence --- -------------- this domain -------------   hmm coord   ali coord   env coord
# target name                accession   tlen query name           accession   qlen   E-value  score  bias   #  of  c-Evalue  i-Evalue  score  bias  from    to  from    to  from    to  acc description of target
#        ------------------- ---------- ----- -------------------- ---------- ----- --------- ------ ----- --- --- --------- --------- ------ ----- ----- ----- ----- ----- ----- ----- ---- ---------------------
scaffold_6:22000256-21995567 -            498 58755at71240         -            420  1.8e-257  853.0   0.2   1   1  1.5e-260  2.1e-257  852.8   0.2     1   420    56   492    56   492 0.98 -
scaffold_8:593291-595746     -            316 58755at71240         -            420   1.2e-13   49.8   0.2   1   1     3e-16   4.3e-13   48.0   0.2     3   267    14   295    12   302 0.70 -
scaffold_7:16469049-16469369 -            107 58755at71240         -            420   4.7e-09   34.7   0.1   1   1   3.5e-12     5e-09   34.6   0.1    17   116     5   107     1   107 0.90 -
scaffold_3:11388811-11382274 -            421 58755at71240         -            420   3.4e-08   31.8   0.4   1   1     4e-08   5.7e-05   21.2   0.4    31   283    39   270    16   417 0.57 -
scaffold_1:29218697-29224459 -            406 58755at71240         -            420   1.9e-06   26.0   0.0   1   1   1.8e-09   2.6e-06   25.6   0.0   168   257   178   278    91   282 0.78 -
scaffold_9:15425000-15442326 -            535 58755at71240         -            420   7.2e-05   20.9   0.1   1   2     0.032        45    1.8   0.0    80   123    86   131    55   167 0.80 -
scaffold_9:15425000-15442326 -            535 58755at71240         -            420   7.2e-05   20.9   0.1   2   2   9.1e-07    0.0013   16.7   0.0   193   261   251   327   245   339 0.70 -
scaffold_5:50517-54450       -            432 58755at71240         -            420   0.00041   18.4   0.5   1   3   0.00024      0.34    8.8   0.0    44   134    36   128     3   175 0.72 -
scaffold_5:50517-54450       -            432 58755at71240         -            420   0.00041   18.4   0.5   2   3   0.00064      0.91    7.3   0.0   232   269   208   243   204   256 0.90 -
scaffold_5:50517-54450       -            432 58755at71240         -            420   0.00041   18.4   0.5   3   3      0.64     9e+02   -2.5   0.1   383   415   394   426   330   428 0.74 -
#
# Program:         hmmsearch
# Version:         3.3.2 (Nov 2020)
# Pipeline mode:   SEARCH
# Query file:      /scratch/srb67793/Pelargonium/scripts/busco_downloads/lineages/eudicots_odb10/hmms/58755at71240.hmm
# Target file:     /scratch/srb67793/Pelargonium/scripts/scratch/srb67793/Pelargonium/Results2/HiFiASM_OmniC/P_citronellum-hap1-scaffolds-busco/run_eudicots_odb10/metaeuk_output/initial_results/P_citronellum-hap1_scaffolds_final.fa.modified.fas
# Option settings: hmmsearch --domtblout /scratch/srb67793/Pelargonium/scripts/scratch/srb67793/Pelargonium/Results2/HiFiASM_OmniC/P_citronellum-hap1-scaffolds-busco/run_eudicots_odb10/hmmer_output/initial_run_results/58755at71240.out --cpu 1 /scratch/srb67793/Pelargonium/scripts/busco_downloads/lineages/eudicots_odb10/hmms/58755at71240.hmm /scratch/srb67793/Pelargonium/scripts/scratch/srb67793/Pelargonium/Results2/HiFiASM_OmniC/P_citronellum-hap1-scaffolds-busco/run_eudicots_odb10/metaeuk_output/initial_results/P_citronellum-hap1_scaffolds_final.fa.modified.fas 
# Current dir:     /scratch/srb67793/Pelargonium/scripts
# Date:            Fri Jul 19 10:33:13 2024
# [ok]
