#                                                                                    --- full sequence --- -------------- this domain -------------   hmm coord   ali coord   env coord
# target name                accession   tlen query name           accession   qlen   E-value  score  bias   #  of  c-Evalue  i-Evalue  score  bias  from    to  from    to  from    to  acc description of target
#        ------------------- ---------- ----- -------------------- ---------- ----- --------- ------ ----- --- --- --------- --------- ------ ----- ----- ----- ----- ----- ----- ----- ---- ---------------------
scaffold_8:6708805-6696725   -            736 83991at71240         -            378  2.1e-169  562.7   6.4   1   2  4.5e-153  7.4e-150  498.3   2.4     1   275   374   662   374   665 0.93 -
scaffold_8:6708805-6696725   -            736 83991at71240         -            378  2.1e-169  562.7   6.4   2   2   4.6e-21   7.6e-18   63.8   0.1   319   378   664   735   660   735 0.89 -
scaffold_6:14385911-14395364 -            428 83991at71240         -            378     4e-41  140.5   1.4   1   1   3.3e-44   5.5e-41  140.0   1.4    35   367    61   407    46   410 0.83 -
scaffold_7:8801317-8805702   -            514 83991at71240         -            378     3e-40  137.6   3.0   1   2   9.2e-41   1.5e-37  128.7   0.4    33   282   111   355    98   374 0.91 -
scaffold_7:8801317-8805702   -            514 83991at71240         -            378     3e-40  137.6   3.0   2   2   0.00024      0.39    8.8   0.1   298   342   408   458   398   467 0.81 -
scaffold_12:190600-195398    -            575 83991at71240         -            378   8.2e-35  119.7   0.5   1   1   7.6e-38   1.3e-34  119.1   0.5    28   284   147   395   124   420 0.89 -
scaffold_6:18397543-18402033 -            529 83991at71240         -            378   1.9e-34  118.5   1.5   1   2   3.3e-17   5.5e-14   51.1   0.8    34   165   119   246   105   250 0.91 -
scaffold_6:18397543-18402033 -            529 83991at71240         -            378   1.9e-34  118.5   1.5   2   2   7.2e-22   1.2e-18   66.5   0.0   127   338   249   457   244   469 0.86 -
scaffold_6:25088307-25092914 -            547 83991at71240         -            378   3.6e-23   81.4   2.6   1   3   4.8e-24   7.9e-21   73.7   0.6    44   212   123   286   107   296 0.86 -
scaffold_6:25088307-25092914 -            547 83991at71240         -            378   3.6e-23   81.4   2.6   2   3   0.00089       1.5    6.9   0.0   207   284   315   392   301   398 0.88 -
scaffold_6:25088307-25092914 -            547 83991at71240         -            378   3.6e-23   81.4   2.6   3   3      0.92   1.5e+03   -3.0   0.0   314   350   449   483   446   500 0.72 -
#
# Program:         hmmsearch
# Version:         3.3.2 (Nov 2020)
# Pipeline mode:   SEARCH
# Query file:      /scratch/srb67793/Pelargonium/scripts/busco_downloads/lineages/eudicots_odb10/hmms/83991at71240.hmm
# Target file:     /scratch/srb67793/Pelargonium/scripts/scratch/srb67793/Pelargonium/Results2/HiFiASM_OmniC/P_citronellum-hap1-scaffolds-busco/run_eudicots_odb10/metaeuk_output/initial_results/P_citronellum-hap1_scaffolds_final.fa.modified.fas
# Option settings: hmmsearch --domtblout /scratch/srb67793/Pelargonium/scripts/scratch/srb67793/Pelargonium/Results2/HiFiASM_OmniC/P_citronellum-hap1-scaffolds-busco/run_eudicots_odb10/hmmer_output/initial_run_results/83991at71240.out --cpu 1 /scratch/srb67793/Pelargonium/scripts/busco_downloads/lineages/eudicots_odb10/hmms/83991at71240.hmm /scratch/srb67793/Pelargonium/scripts/scratch/srb67793/Pelargonium/Results2/HiFiASM_OmniC/P_citronellum-hap1-scaffolds-busco/run_eudicots_odb10/metaeuk_output/initial_results/P_citronellum-hap1_scaffolds_final.fa.modified.fas 
# Current dir:     /scratch/srb67793/Pelargonium/scripts
# Date:            Fri Jul 19 10:33:21 2024
# [ok]
